4,3475
443,7477
261,5376
25,3964
172,1230
87,2111
106,3405
123,1971
193,8749
113,3697
350,8341
390,5605
283,7474
81,2897
409,6012
208,9271
364,2952
329,8504
29,3052
492,2972
46,4822
448,962
235,9448
412,4862
359,7783
296,8547
203,2511
414,6043
399,3679
387,3863
272,6075
218,7463
131,540
216,6577
267,8467
299,2831
423,2290
60,3206
486,4163
297,6294
78,9273
449,305
180,4234
81,6502
413,5476
379,4348
472,6670
279,6258
312,3158
74,7909
101,2870
476,3455
322,1620
234,3538
421,8619
258,2340
480,3954
492,677
188,6500
120,1826
316,3368
33,5225
82,9514
96,7765
324,1992
330,9720
348,1215
499,8596
218,2427
399,5044
264,3237
69,1610
73,9138
350,4098
147,889
349,2679
20,9497
449,4551
93,4754
401,1977
360,320
339,3718
298,4296
82,7599
149,4190
270,4239
413,8775
144,1272
83,8580
366,7441
142,8608
164,3446
408,7377
73,5984
155,6557
458,290
18,1025
174,5880
315,2209
7,431
44,6231
499,1913
422,6073
351,648
320,8275
280,1221
341,9554
56,7400
72,7971
363,2289
378,3485
3,9805
7,2992
312,6793
362,5014
319,7408
414,9152
187,2491
60,6673
408,5453
389,9902
344,1447
293,6945
252,7869
430,8605
87,1889
285,7215
415,1117
345,6490
399,7727
59,1612
328,5908
88,7139
451,5318
315,7476
482,6028
464,2203
452,8616
358,3005
487,5367
202,2752
309,6993
311,4201
22,5511
47,854
225,7885
269,5515
442,1100
336,5515
220,5580
129,6926
32,1781
106,7801
342,8638
9,4565
385,5669
339,5944
312,6964
479,7282
77,2641
454,8631
454,1398
92,9507
443,5706
178,1320
473,9197
99,5629
343,9110
47,1045
84,7807
165,6156
324,6635
222,7036
299,6369
15,9575
476,8806
189,4184
22,5986
467,252
429,5469
395,3661
152,1226
166,7365
285,6415
39,4910
3,3476
279,6168
165,9488
499,1688
388,1431
393,9032
276,1466
293,1229
4,4272
397,4904
395,3351
108,4997
228,1918
407,8206
51,7115
175,8495
417,7528
323,6201
271,6214
355,7175
23,8852
272,4407
256,1984
368,6524
439,1493
493,9317
408,3494
426,6640
153,3281
396,5119
359,9958
171,7819
114,2765
205,1585
477,4524
105,2731
194,2469
97,865
134,3238
262,2632
155,2486
397,4398
298,3441
354,1210
87,8761
105,9537
120,9982
234,1149
178,2057
166,6937
87,7797
69,558
403,4388
238,5837
367,7990
303,1334
173,1795
196,4136
385,9074
180,8929
254,9365
476,2923
328,6851
194,17
290,7871
208,3654
230,7804
155,4038
294,4359
500,3810
193,1180
274,65
477,7562
205,5454
164,6748
452,7983
21,76
63,3154
178,4227
487,8199
202,4700
416,3017
405,5651
349,1771
421,9399
109,4824
137,536
205,1770
90,7496
248,8220
104,9210
191,8719
114,8491
470,8396
220,1860
239,461
95,4500
371,9617
221,6911
460,9654
398,295
429,3225
232,7904
29,6647
147,9732
56,9817
476,9348
76,8012
329,429
6,4587
109,896
309,2826
384,5890
319,2059
208,1796
127,6000
212,2220
101,6835
133,5808
357,5219
174,9155
70,4236
128,4874
459,2863
243,544
288,8028
326,2595
390,588
122,2087
24,5039
487,9052
500,2716
399,8994
485,7004
167,6308
97,8243
295,8163
490,9349
215,5596
285,9875
289,4738
318,1113
91,5350
310,7212
459,2034
50,7733
457,6792
114,1405
131,5395
300,4598
313,3902
392,3119
418,2867
16,3701
251,4519
111,8983
228,9215
458,6346
344,1567
101,346
319,3196
67,8289
115,6756
26,6316
330,8355
474,5092
15,320
27,752
109,426
58,7364
171,742
349,5361
201,1587
338,8277
9,4390
355,1688
233,2283
78,6894
274,879
372,6525
436,5393
297,6613
149,9909
202,5075
39,5680
60,5568
190,2064
469,3637
415,3997
325,8242
348,443
213,480
267,7989
262,3809
437,9085
66,1099
389,4138
247,2595
131,1629
175,5958
54,6526
258,4914
25,7550
263,6837
412,6439
94,9069
132,9570
43,3263
70,9167
52,5115
19,6352
223,1284
312,817
191,2221
410,6499
271,9830
496,687
154,7391
479,3280
272,8161
343,8922
318,4580
492,5632
111,7577
233,4617
63,5780
287,5511
107,9940
393,5343
422,7151
120,4328
407,7164
75,8654
468,4479
169,7853
201,3673
239,3186
75,3688
492,9364
258,4800
423,9662
310,934
401,7417
64,8196
385,9201
130,8965
488,3524
120,4525
216,7657
284,1326
475,1366
125,2840
257,1827
259,9281
36,2067
155,9323
73,9771
324,1861
143,1184
2,532
331,7804
123,6972
76,3913
237,2687
247,454
142,190
384,9218
87,142
313,971
135,3777
257,6571
235,4848
61,7696
442,3677
121,7297
125,8260
281,76
482,4171
340,5266
340,8060
430,8434
245,2192
139,7585
128,954
246,7456
201,7087
29,2427
118,9693
10,5115
95,7260
78,1538
149,8741
213,7863
215,6622
438,5972
126,678
67,5042
222,7998
357,3325
454,7459
156,3841
126,988
204,364
171,4441
224,9023
234,2347
174,6933
426,9710
41,5941
244,545
455,1619
51,5665
324,6647
346,8811
65,6995
457,4815
426,9580
361,1516
363,2138
146,6962
310,8593
425,2038
460,237
257,3829
145,4230
307,8196
100,2260
5,6274
135,5454
159,6680
141,4360
140,9835
280,5749
120,5663
397,9548
432,478
355,2745
77,344
123,1097
118,22
238,5389
37,1144
452,5014
71,7175
74,8053
450,8021
3,8802
323,9613
97,4290
185,9239
209,5250
221,5766
161,5498
148,9026
85,1778
370,2907
353,3431
459,8646
348,6763
343,4964
328,3395
189,8579
265,5641
380,4591
143,6483
412,3835
452,2903
174,1459
316,5134
420,1349
198,5269
386,8931
325,5751
372,3152
188,3860
68,5862
355,2437
135,6006
383,5408
424,4251
306,7155
311,9896
156,5972
123,6896
135,5791
173,1917
27,9063
371,7470
486,7079
124,414
391,70
72,9826
19,4628
485,1639
453,5829
306,7148
268,1932
188,1660
369,6157
251,6243
82,6734
383,5650
403,4131
124,6985
28,4092
399,4010
282,9138
404,1425
374,2274
5,1544
486,492
328,329
460,6189
81,4389
424,1263
168,3495
303,7969
309,7280
42,866
407,1589
337,3631
323,8179
447,4828
70,1350
352,5145
221,3998
177,9064
438,7534
433,5183
9,3036
48,5735
121,3380
499,4130
194,3274
294,5728
395,4894
192,1171
413,6470
367,4283
100,4928
324,9870
436,7970
392,3707
389,8981
34,3242
63,3691
105,767
353,3180
142,6012
372,5044
478,654
145,6477
242,6686
492,8677
263,4809
370,7853
453,4508
24,5073
287,4949
66,1948
344,3471
405,2916
388,9497
418,1731
146,517
134,5292
189,907
4,9618
73,3791
22,5772
174,9848
222,1509
155,9397
460,7318
424,2829
290,7036
343,2791
417,9097
22,8085
473,3262
16,5072
41,2662
4,9682
216,1365
402,2517
211,1308
150,6447
318,7271
276,7676
27,1916
493,9427
429,2940
416,8388
362,3885
138,2092
440,5957
69,9589
366,7619
35,2142
417,8928
38,4052
278,1404
126,1849
353,719
239,6560
80,9002
86,6395
486,9165
61,582
435,8329
486,5761
240,759
468,5993
49,7303
400,9555
171,4523
241,2707
357,6373
286,457
41,1372
421,2303
410,6629
414,5258
430,3194
64,7860
347,703
162,1995
327,9881
381,7578
399,893
400,1007
130,9568
173,5895
378,8117
442,2799
419,3154
422,1471
330,7264
244,2027
214,7678
132,738
330,8715
64,8688
374,8263
499,1499
312,1000
218,8986
336,2473
339,7554
482,1487
426,578
7,358
400,2674
18,5827
269,2070
141,6895
366,264
127,1324
287,6579
462,1736
261,9740
346,2544
243,6168
40,4932
427,9142
15,1053
1,6145
25,5416
369,3451
360,105
236,3650
170,6741
454,9293
322,8577
309,1265
82,3731
205,1917
499,7894
30,9821
47,6059
6,1100
68,1
115,9334
123,8893
181,2134
478,2673
406,7726
484,3765
169,1006
10,3670
335,3949
468,5453
242,5553
339,6683
455,1012
309,319
239,8816
75,7278
478,7519
36,8275
208,9025
325,695
341,9547
74,5080
92,8155
373,5660
60,9461
232,1750
371,1962
429,2578
387,3256
427,742
441,8272
276,9158
21,571
93,3972
295,114
348,7501
405,8884
239,7554
284,4477
114,7690
69,9013
265,1210
169,9559
467,7485
13,6115
244,9938
219,9359
395,9751
256,1223
357,1536
339,8983
81,3751
473,4719
364,3183
17,4456
496,8322
315,3242
77,2880
402,5196
482,2201
320,8947
63,2251
438,54
425,520
134,6266
118,8799
72,9391
162,5592
187,9909
317,7755
363,6687
300,7646
398,5492
161,8635
497,9646
282,255
5,6207
339,2144
25,2096
362,5688
248,9722
58,1038
178,4882
122,1472
55,7698
415,4031
34,1969
393,8453
93,9168
439,1850
268,5184
243,1779
146,5536
212,3558
329,6039
435,7477
337,44
424,3773
327,3331
468,5594
342,3307
11,8649
193,6355
27,8032
478,9178
297,6782
431,8067
342,9742
79,7744
230,9792
349,8549
161,3406
119,7063
257,1348
373,1995
138,496
58,982
216,6826
420,6085
234,922
247,6037
487,4212
311,7477
454,3134
144,9814
436,2653
194,3383
33,5660
228,3311
155,3268
86,85
314,3359
314,640
468,7118
225,6522
86,9758
385,6375
397,2735
329,2638
342,2899
294,9863
56,6500
235,4546
139,4126
268,5882
291,6425
48,2074
156,4124
367,7540
379,632
202,7963
381,2288
36,4991
403,9738
381,4595
404,9549
358,7187
103,5814
150,5442
245,7532
59,7448
112,9969
32,1040
29,9855
390,4353
189,977
113,2528
361,6097
443,2641
326,442
100,4818
286,5941
205,3632
79,3895
354,385
193,625
193,3651
140,7563
228,3508
205,6199
374,6042
465,1325
407,1313
325,8288
36,5742
425,4269
400,411
102,4477
96,7548
72,7272
479,3256
132,1082
395,9668
232,4070
470,1562
29,710
279,2335
167,3712
240,6348
452,5449
427,1207
284,7151
376,1831
235,6898
140,829
94,4767
125,5696
14,8945
391,963
57,712
4,7519
89,7770
115,7287
133,7308
19,3297
13,4687
341,4624
279,1090
296,8657
250,6755
43,9782
52,5109
358,9575
402,4806
468,4484
142,9742
176,4640
23,4913
326,5973
455,2872
56,4693
319,7882
408,2440
445,5176
10,8169
261,6777
400,8822
63,1271
338,5969
275,1177
130,6366
62,2832
245,4516
68,3829
351,4295
172,151
472,9786
137,7196
20,8260
25,8882
297,3939
463,693
343,7062
355,6098
59,4653
385,6384
201,83
187,4243
468,4357
108,3681
205,7348
75,7281
284,8587
217,8223
475,697
185,9933
467,2641
186,7150
277,6363
178,5953
178,3322
182,6252
246,1893
170,5464
127,2080
183,2539
473,7762
299,7244
344,2303
415,5443
410,203
444,8046
492,9719
324,370
152,1883
14,3811
49,4693
95,623
223,4795
112,7589
284,5261
272,1353
345,1437
279,6713
230,209
32,9480
183,70
416,332
287,6755
337,4510
426,6857
153,6117
331,4786
58,508
310,5846
126,6507
384,7249
303,4781
95,5103
121,8185
22,6715
299,6518
220,5951
84,6986
411,3946
110,2105
7,6913
34,392
348,3057
277,2765
397,8688
426,4388
239,6576
199,1465
123,7046
481,3637
68,8821
405,9604
50,5887
391,9356
288,5313
459,9412
284,1845
349,4354
19,6576
312,6660
83,4901
174,8223
256,7721
113,3206
154,585
314,5014
78,561
235,490
354,1246
233,4973
428,3722
415,4303
123,2022
469,3153
70,9918
207,3012
74,2726
66,7042
157,2617
450,7037
228,6208
247,5965
240,540
404,3995
151,1920
499,1303
391,5535
168,2650
325,6305
136,1395
96,7353
349,2419
349,7595
434,4447
123,6707
314,1426
210,9910
262,179
296,2643
20,4390
212,1242
346,2269
404,2782
435,1463
494,4849
130,4623
130,6989
284,1563
423,6327
495,3334
62,8277
102,3912
13,2366
369,716
327,3418
32,8061
84,9028
471,3064
35,6899
223,9523
266,2861
344,4792
42,9525
446,2080
59,7545
45,8845
485,2402
32,6796
336,9958
336,935
276,8054
94,9925
228,1756
350,1737
60,276
298,4016
397,6449
114,6210
37,3407
201,5480
44,5086
228,5844
433,3114
115,123
443,1274
394,5423
475,3067
67,1624
50,4788
146,7704
51,4485
320,1815
250,6110
395,5030
363,626
416,1049
193,1680
187,7138
431,3398
263,9260
413,6363
103,4312
130,5525
409,6988
322,9681
328,4245
297,8139
98,4447
403,1188
240,7808
203,2714
306,301
33,9767
95,5925
63,9970
7,1724
60,8977
500,6379
218,6016
95,9119
76,5396
143,4996
347,3754
387,1001
355,3584
23,4023
25,1700
346,2767
72,4449
295,9081
165,5384
187,8109
3,1638
464,2086
406,9076
90,8395
106,8715
178,2107
381,8721
77,3094
3,3085
495,7925
6,3349
409,1536
76,9295
79,1127
325,4848
91,843
427,3819
179,6479
340,110
352,9846
44,9025
369,9011
146,6376
94,3624
339,5751
238,8400
315,1757
493,8373
398,8501
52,9926
10,5612
104,7876
460,5864
257,3103
397,9674
103,4182
208,4255
213,1465
495,6039
18,9795
299,7
107,6287
460,6700
140,1025
191,8435
257,2993
313,5124
49,3557
471,2431
224,9666
202,8557
392,1656
101,9625
117,7605
97,1305
187,1496
194,5789
471,149
272,6106
345,8700
109,9408
312,7057
348,1348
443,7193
128,2813
245,9389
109,8004
282,2929
76,189
140,9758
238,1565
187,6449
479,8168
321,8445
156,7087
405,8098
384,607
302,2306
308,5758
358,7831
271,7008
48,6696
235,634
84,1008
21,7664
447,5181
153,2005
349,2695
4,7490
311,7356
483,4037
60,1634
136,3703
285,9239
456,7334
303,7673
482,5900
217,5710
340,9287
327,8974
279,8909
319,9077
420,9498
231,7542
369,3228
295,7568
211,279
253,7818
54,4165
266,7796
316,1580
186,1474
101,3182
225,1326
452,8846
276,3869
496,4548
203,2857
495,2611
292,199
459,6348
262,599
401,508
37,6841
48,6921
366,4846
255,2043
318,3404
170,1792
34,2482
86,9038
325,1661
445,1282
332,1381
126,4615
38,3627
148,4262
478,8048
303,9048
423,484
402,3877
113,3318
66,7530
196,4731
86,8288
311,2595
459,4521
13,6425
125,4582
137,5727
256,5055
333,3711
83,1205
311,3509
308,6476
498,7862
175,2260
61,6111
148,1282
216,7848
157,3331
191,9509
88,8738
483,1643
66,7389
431,6928
218,495
293,8356
73,8275
114,5879
133,4952
113,1743
232,2153
431,4785
392,6552
455,491
400,7799
327,2698
109,4172
174,2607
305,6558
234,4609
159,9166
5,1570
299,7661
331,9997
245,2596
386,885
15,5074
303,3058
357,8537
177,7326
265,4045
375,2964
8,6763
271,9908
284,3106
223,8553
13,7663
356,6140
73,6933
177,6535
401,1572
168,7867
467,3484
266,9438
25,9528
339,7151
330,4856
153,4059
258,8230
1,2749
351,5949
52,2897
122,9409
234,768
299,9105
434,2526
21,2211
356,1893
114,1677
204,118
402,752
195,1447
331,5591
360,6375
260,2129
314,9614
356,5987
299,3317
104,1378
340,91
214,9143
353,4869
214,6539
67,5397
300,1109
161,8004
234,1379
43,8249
215,9812
184,1164
472,2036
323,8172
286,757
105,6411
344,7651
46,868
321,1517
6,7911
236,3034
489,4957
131,5569
143,5674
452,3565
277,6469
473,4270
416,4908
156,2906
263,2867
492,4036
20,7015
162,3577
455,8965
397,7210
39,6391
72,3794
436,8400
251,5777
168,900
122,3942
456,6778
489,3976
372,8606
305,1156
136,4789
382,1151
360,4169
97,9648
192,8780
398,973
205,4006
451,2310
396,2818
232,8878
489,9178
122,1119
299,8348
192,7937
136,2975
220,5177
261,5154
105,3627
192,2942
60,6056
74,1548
451,8279
108,3213
38,6615
23,2470
174,8047
327,5899
172,8060
102,5323
478,8934
182,3830
95,1034
256,9942
481,9471
301,7443
382,6185
191,9566
464,2394
382,19
274,459
87,7729
101,2667
430,2583
476,2186
91,9538
37,1916
454,8585
47,897
78,9065
460,8303
492,907
150,3624
321,8742
371,2795
14,4169
19,8545
264,319
353,9521
42,5127
18,2955
360,6574
227,5692
260,5035
124,601
340,2085
467,8749
270,7941
139,9687
397,2955
284,2613
244,1448
153,6497
309,6495
472,8193
375,1303
405,5976
497,1437
123,8770
201,2762
112,4105
442,5961
453,8865
251,278
443,8218
177,4193
479,9738
287,3983
49,749
411,1801
164,6869
367,8877
489,1426
77,8254
381,7300
275,6585
271,656
303,47
163,7096
220,9188
275,4753
296,5412
278,8872
75,5377
286,1361
475,8991
289,1716
306,6961
171,8886
234,2673
328,5999
370,492
362,3888
296,7026
125,6696
293,1856
53,1551
393,6462
219,7321
80,7917
392,2382
26,8015
325,3995
96,9109
437,3054
468,9101
156,9321
302,1909
146,1518
208,8207
416,259
177,6447
274,9779
281,4107
137,4877
393,3539
15,6358
485,4174
336,8908
355,5041
59,4108
213,2417
493,2788
217,3663
142,4549
228,173
449,5669
331,2225
431,2367
470,3724
281,8874
257,9756
424,5988
44,1967
474,7668
426,3142
73,498
130,1032
303,4669
3,2639
299,9334
410,3017
231,5366
435,3803
38,7492
281,7204
109,5871
159,7310
374,5613
408,3277
239,1727
314,8354
123,7985
212,9382
327,8426
48,6337
483,4591
416,6833
237,6213
143,3492
126,7257
142,1276
322,8973
455,9370
25,8959
337,2511
46,3938
476,1625
52,6500
439,3726
114,5049
245,9777
386,524
191,8924
29,5179
167,4112
459,4960
345,4963
267,6080
119,7069
479,7501
361,5387
215,8321
94,5307
299,8232
212,5291
70,9325
253,5237
329,2362
151,4847
500,5962
103,1447
359,1013
329,2070
52,4161
370,3520
348,2025
257,2121
138,4527
386,9177
500,562
374,8255
152,3044
38,2068
99,3369
26,1517
251,3596
301,9582
63,4357
483,7626
145,9529
97,5915
94,3904
79,5706
325,5000
365,5283
191,3083
458,5967
77,7772
337,2849
19,2231
142,4837
207,4515
470,8526
13,6656
32,6753
45,311
204,5936
435,8818
448,6916
105,2529
403,5369
179,9773
260,6136
122,6969
132,3358
415,3425
58,4195
370,9437
489,6026
428,1998
97,3648
4,8352
179,5509
224,9699
409,5718
162,3779
127,5947
13,805
257,8762
489,4216
111,9049
320,2712
123,6253
426,5031
224,2077
456,8634
83,7669
483,8637
194,2107
110,2529
250,3054
359,2857
461,6381
182,9946
218,557
404,706
390,4575
120,9591
165,3364
147,7792
229,8873
378,8525
359,9117
470,3570
36,4591
426,7918
368,1152
250,6559
242,3631
323,989
446,215
264,9561
316,6162
304,7389
89,4531
425,3716
170,445
347,6682
58,106
234,5709
192,3450
470,7079
154,2973
386,912
89,3716
267,358
28,6203
239,5014
277,6748
410,6167
137,5373
74,5131
240,3873
407,2344
360,8181
328,754
44,6889
172,1178
398,7051
295,8260
373,7230
245,5426
396,2416
239,6619
485,3987
29,511
397,9689
496,2760
453,7819
15,4344
176,4153
238,6247
205,2769
293,9118
202,9193
99,5745
162,5369
238,5829
362,1845
427,5146
360,8486
77,8986
213,4328
272,9901
416,9674
285,1006
303,7386
162,8999
399,4394
367,1817
28,4650
448,9937
153,6571
69,6055
246,157
476,5909
40,1450
494,6712
356,574
310,2995
41,280
100,9648
272,1748
17,3673
104,8451
201,2334
37,2174
430,6725
305,9818
412,4065
274,9946
415,5048
213,7399
481,6843
303,9395
392,317
195,4830
159,6839
21,4469
91,7128
275,2680
335,1971
125,1251
348,5565
47,3129
412,3624
200,547
330,4811
428,4006
195,6489
267,2028
69,913
191,5010
137,6973
486,5810
149,597
477,5588
205,385
276,5747
255,1708
232,252
234,731
479,6870
442,6150
412,5018
28,8595
367,1210
138,5222
319,2692
93,6744
174,6769
321,6615
140,9849
427,3427
279,7134
240,4276
489,4849
397,6812
9,9792
300,9281
98,9857
429,7217
106,5076
28,5365
86,3588
430,9879
27,3494
70,2812
459,8554
488,1910
236,8283
117,4975
257,7966
1,164
356,8096
44,6508
69,6323
328,9591
334,8428
292,5846
204,2184
372,570
247,7521
119,8958
131,3657
48,2965
14,8101
157,4714
357,646
490,9829
16,943
144,9185
319,2792
89,6637
324,3653
32,9264
323,4885
417,4861
20,7623
313,4291
335,2036
126,3763
441,5744
129,5713
275,1640
239,1183
73,2096
485,135
409,4441
268,1223
364,4296
78,815
391,396
418,5824
6,2323
495,2229
440,8516
78,9635
352,1390
334,1068
205,3480
278,3611
159,1699
454,5686
108,9810
4,6300
334,7428
488,5242
303,8855
359,1961
454,9636
444,3180
307,7538
125,3400
82,83
489,3092
384,8907
323,5015
411,7447
244,8498
221,6072
486,7143
445,8781
61,4907
428,8371
480,772
174,9397
196,873
222,1504
372,6260
338,1032
318,1640
241,4322
236,196
235,7373
272,6281
222,5226
100,7691
378,1672
19,263
37,198
462,2974
323,291
315,1151
368,2665
354,7791
99,4735
150,7849
253,5199
348,2487
357,3173
475,5329
499,6703
476,3788
366,8648
68,9253
245,7200
163,585
31,461
409,2611
448,8020
243,8472
311,3546
84,5509
210,2677
496,4547
103,8422
303,3500
30,4353
364,2195
241,208
351,3020
36,3928
27,2204
35,5202
268,5300
93,9958
229,2273
294,1079
408,3107
238,3865
192,450
436,285
410,7928
340,4464
339,9586
485,4094
468,113
151,7404
45,1541
419,5418
483,1848
268,2781
22,4840
279,2266
240,9106
447,6902
131,5173
9,1966
277,5446
103,7947
137,5907
253,1057
346,8690
229,1590
193,3931
356,5351
362,3009
388,2304
270,611
427,8883
343,8591
347,2063
316,7596
206,1622
45,2033
33,4443
417,8306
124,2571
83,6174
182,1185
286,7334
283,6826
421,725
210,5541
166,5833
370,7831
24,4618
391,7273
394,1939
315,6938
187,3995
304,7567
373,9934
420,8718
104,1222
415,8662
221,8594
244,9553
406,8000
15,4501
406,9068
127,8140
471,9158
391,1746
438,2694
119,2539
61,4620
279,4660
235,9841
147,6379
311,6982
219,1831
156,3945
52,7863
357,9889
443,5509
470,6027
53,3697
268,8071
465,573
271,600
316,9926
488,2971
240,472
337,3460
255,9431
435,7288
430,7170
337,5573
85,1632
110,1665
250,885
383,5114
114,4576
113,7836
304,7768
105,5828
175,540
119,2334
316,5352
282,9522
218,6977
236,3504
242,6533
369,6866
37,2339
257,4415
249,5279
127,3587
20,2056
195,8730
24,8839
62,9561
210,8746
125,8766
123,3342
400,9973
281,3527
473,9190
303,9367
45,6101
324,5062
171,8817
301,7312
43,2478
188,5963
231,2854
442,4141
489,555
26,488
422,7646
49,1945
75,1626
404,8849
267,5105
244,2321
132,7965
295,8383
392,9613
338,462
149,1772
328,5210
381,7122
32,2182
340,2960
310,8589
461,3152
373,8269
444,1051
316,1573
211,1027
178,2625
144,5557
61,7748
147,6637
89,5208
211,254
294,7844
104,5997
262,7655
240,1210
164,4665
278,516
220,4620
450,5462
298,1850
247,5594
295,9984
248,5954
271,4265
372,2876
491,2732
408,862
208,5390
159,6556
77,7062
361,7436
359,5749
199,1445
327,2660
113,9112
154,2360
493,562
319,4821
463,5516
316,2092
233,2994
284,3451
226,7981
136,3193
23,4011
139,965
60,1995
433,3056
347,352
182,9113
4,5919
345,5231
55,6947
93,4765
317,2180
455,5801
265,4454
290,158
487,6445
180,1691
405,3708
329,9626
261,7645
397,3849
331,4332
296,4934
115,8556
5,8524
218,7678
41,8616
230,4130
84,2
38,8008
224,6806
336,6215
285,1610
384,9640
203,7373
470,4502
265,6440
348,2050
19,6867
128,8179
422,6877
384,8229
71,8626
217,3578
282,221
22,3653
298,3448
373,2373
36,2880
401,5525
451,3259
322,2598
282,1411
42,9664
99,5665
473,7686
375,2411
200,9224
162,7110
168,9158
263,7541
334,9719
53,921
10,5080
155,4770
193,2573
443,1163
460,1613
383,1709
489,4542
4,139
414,9180
397,8565
355,9809
172,8232
408,6981
450,3736
24,5763
27,6273
158,61
441,1191
349,4721
349,4798
101,9334
239,5091
490,7640
12,9505
61,7742
77,7046
189,8432
333,1687
392,4591
117,2863
347,2522
354,3000
350,5370
97,73
360,4613
450,5395
163,428
42,3128
76,9825
274,3268
26,799
233,2193
71,4051
72,5261
15,9483
136,2048
346,6345
322,7333
50,5936
49,5682
248,5075
255,519
228,610
15,3239
279,6136
142,8671
375,2019
379,4035
64,5304
136,6442
312,7679
60,1641
58,4236
339,6134
144,1434
14,7090
311,6551
434,6644
89,342
113,2713
119,1823
320,7249
134,5574
49,8027
297,2036
431,1600
152,1398
65,8640
45,4520
332,5621
88,6621
77,4217
414,7738
181,2761
257,3661
98,3307
264,9344
379,5364
216,4084
208,8989
120,1311
432,2384
144,6853
42,143
237,9201
419,7897
278,9641
247,8471
398,6038
37,5511
267,9241
315,3564
276,3828
131,6977
498,4025
476,1829
103,4789
87,649
162,7160
153,8888
376,840
358,622
187,9383
384,4414
7,7846
141,5700
467,1158
344,7640
496,5319
59,3004
273,173
148,1630
305,9062
142,1935
477,203
200,6936
463,3663
20,579
489,5444
443,4755
371,665
119,5535
259,5618
192,7725
479,7651
256,6814
356,4899
492,9143
5,7635
419,3088
175,6828
308,7067
140,9005
367,1121
1,55
201,5722
320,2175
278,3775
343,3179
108,2470
278,2878
398,5029
477,4546
130,5838
171,4812
494,3085
464,805
144,297
1,4991
245,4074
452,3858
109,7879
302,315
160,2250
420,2332
403,8061
317,4823
193,817
114,4060
206,4119
344,7615
111,2888
223,8010
481,3395
96,3706
173,2466
55,8923
443,7456
371,7091
217,8256
9,787
385,1092
247,3941
433,9558
359,6602
197,5434
304,6124
386,6378
138,849
190,8955
101,708
334,9874
153,8165
293,3250
67,9600
226,6976
479,7452
459,1916
303,7228
315,1054
338,294
388,42
140,8637
75,2143
250,96
468,7839
362,1323
338,3875
259,5176
227,3581
352,9493
488,4688
306,5995
169,2765
275,9371
365,4843
279,2437
230,2125
141,2476
49,4334
421,97
138,16
183,4975
83,5550
24,5552
355,9672
93,8339
135,7793
462,423
398,3311
75,2295
212,6468
265,3823
479,9814
349,4415
313,1705
43,8892
136,9303
62,3929
151,3764
342,9512
431,6564
55,5972
409,165
10,4305
197,1275
8,8646
409,6986
143,4782
77,3298
138,2964
190,8003
25,4780
475,5674
388,6752
381,4778
303,3889
180,3549
91,8655
492,3009
9,555
123,225
37,1566
307,6391
392,7894
140,9248
241,7262
490,743
30,4202
258,4278
464,7086
377,6874
273,5706
14,5699
497,6284
387,8758
177,1477
52,1705
320,5451
175,7660
426,9206
433,1554
92,2003
304,7338
463,8388
72,820
191,388
8,2671
127,3464
123,9771
255,3067
485,9573
188,2431
286,2274
23,8407
139,111
377,8142
64,6683
363,266
432,3909
258,6765
387,1283
478,2793
420,5891
296,6122
199,2642
357,7607
276,1902
321,2857
327,679
374,5529
282,7302
257,571
306,6917
494,5220
316,8192
232,6720
99,4183
197,6233
383,2220
237,3626
462,6019
349,368
97,596
184,9007
231,7898
189,4764
420,9050
340,8669
131,5835
4,3436
240,9153
454,2013
126,1626
383,5459
449,6095
59,4895
126,1408
399,7147
71,4305
312,6665
294,4449
280,994
109,2894
193,2833
407,7049
243,2006
294,1852
201,5981
360,3300
141,6565
35,8346
286,5370
17,559
111,1527
374,8826
189,1666
288,8309
396,5240
91,4560
120,2802
73,9825
400,6372
352,5018
337,7359
420,857
478,9102
79,9495
325,718
469,5767
421,2463
257,2009
305,5373
116,5396
108,5192
281,1403
112,5482
29,3070
489,2734
422,3071
233,1754
3,6923
312,1294
226,8158
82,4357
486,412
422,4882
491,1412
457,4094
271,5860
300,1553
172,2382
332,8124
85,4014
132,9813
334,8890
227,4136
165,7957
379,7621
54,9269
417,1865
227,129
366,5100
303,1455
330,7336
11,8122
47,3446
168,1095
449,7452
181,7426
159,7540
488,2919
55,5589
310,4125
380,3545
459,4513
372,1740
221,4361
124,4620
194,1943
139,3941
336,848
328,1446
333,9612
215,5100
340,7982
491,9690
295,8542
279,7616
236,4607
264,694
415,6611
470,8813
208,3634
326,4235
212,5172
106,3403
48,2908
98,1779
288,726
432,6216
281,7677
167,3027
350,3141
128,4903
376,520
320,7896
381,4439
398,2411
97,8483
306,3915
436,5738
325,7572
144,4622
316,7544
220,1636
89,7546
433,1685
495,8388
277,2422
279,2108
132,9239
399,5792
13,3070
106,8928
16,2552
368,6810
407,6607
125,7736
181,727
166,1770
496,9816
387,2992
294,1096
209,6388
183,2582
53,5203
214,2231
300,9887
169,4666
476,9420
29,1014
17,3120
220,3315
364,1368
13,2219
333,6562
2,1054
40,1006
194,3390
455,6590
366,2759
496,5013
325,2010
23,4039
70,4073
490,681
303,6854
338,3320
300,5070
55,1946
98,7173
419,6542
142,9453
215,7323
87,4038
43,711
286,9667
305,5224
478,8414
418,6319
392,2299
200,4586
349,77
280,6151
41,5827
411,7472
256,7129
384,1611
417,1402
231,8449
308,8125
10,8630
352,2195
412,912
341,7289
246,1325
2,7555
246,4804
271,5273
332,9513
257,9851
17,2838
190,1988
168,7394
431,2524
265,2336
465,455
211,8626
332,69
273,3548
282,8807
435,3201
22,3341
486,214
76,103
241,8869
492,1883
181,720
455,2894
350,9953
166,1425
291,9368
436,7937
276,6330
403,81
15,8983
314,7819
134,1398
281,7678
113,9482
34,2187
148,7373
116,815
210,9865
313,7060
47,1927
352,7941
206,8877
122,7248
288,3701
37,8352
156,3935
38,7772
407,3477
220,7550
233,5908
495,2762
213,6184
21,7231
161,1688
445,3872
77,1018
252,7459
380,7767
367,3866
384,4285
427,9501
276,994
84,1197
448,3762
153,5692
293,5810
249,7245
433,1209
301,1907
63,5363
29,5860
45,5988
78,3164
387,6250
474,2953
175,8370
331,8806
214,4984
382,9899
429,1381
274,7883
404,3216
414,2006
351,6256
108,1974
16,4366
204,1173
334,6687
281,7462
457,2762
152,8334
425,7136
52,8369
182,1530
432,8829
255,5794
30,68
151,7508
382,5030
36,9730
102,3231
326,8676
179,6094
255,9554
6,3982
177,675
337,9333
400,3998
313,2479
344,8282
481,2741
356,4179
53,260
185,9193
46,2319
234,271
368,694
20,5689
461,17
300,2787
91,3152
474,646
152,2483
220,1670
242,7590
432,9036
53,6211
294,3951
198,4847
299,431
148,4163
8,6578
108,5314
14,1553
128,1876
103,6199
305,5250
239,9676
68,3170
378,4476
498,2719
249,6239
473,4173
145,1005
298,8350
316,3433
315,644
426,9015
49,6476
235,6039
382,9230
184,5373
329,6383
185,6608
317,8951
233,8401
157,4019
287,2480
92,4382
483,4737
184,6488
11,3637
186,8841
77,8715
24,5203
26,1652
96,8964
282,302
149,636
272,8403
61,7229
79,2268
204,4055
441,2910
269,7923
292,9290
344,1740
339,2545
404,9244
15,5283
385,2791
157,4222
289,7348
67,4187
483,7602
403,8929
496,2447
230,3511
343,3251
167,2270
166,4053
414,4021
67,9461
164,8059
189,811
329,9002
393,9993
420,833
489,6150
292,9482
88,1416
394,6454
59,1011
405,1213
210,2767
315,3636
29,6690
411,9894
460,7746
433,2865
39,2114
276,4273
203,935
312,2142
66,7946
278,911
435,8685
360,7539
325,9173
62,9222
115,4781
323,9145
80,6518
309,9430
121,9206
400,3454
425,8562
50,9071
179,3452
100,2675
286,5045
290,262
499,5620
16,3096
85,8488
203,756
273,6741
382,1902
473,6476
78,5982
292,9550
298,6448
323,5751
453,9514
121,7425
301,3678
26,9583
293,3298
399,6195
210,2080
500,1927
144,2957
140,6317
432,6716
242,2905
215,8142
41,3630
354,8473
330,3586
98,3246
331,5680
137,7990
18,6933
297,1754
55,6521
394,5219
161,7990
301,7362
6,4446
278,8486
320,9478
80,3765
350,2408
100,1377
189,1885
238,4774
488,3391
445,2992
81,1280
479,7266
409,5353
213,9682
154,425
103,5849
372,4890
9,2764
150,4900
425,4335
78,138
64,5238
2,6260
263,4683
385,5057
270,8437
298,9381
421,5810
334,5739
467,4799
7,5815
248,769
346,2192
295,5085
333,9859
268,2563
339,5755
292,8080
161,804
1,2804
190,9459
122,3643
2,6269
386,898
285,6585
442,7643
445,2411
370,8238
109,2660
433,7510
496,3685
393,6298
442,940
493,8282
426,5538
485,3172
149,4758
402,5990
373,6868
196,9032
30,3550
310,7978
292,5307
11,3587
455,1531
301,3222
239,2903
366,5159
160,1710
47,9558
466,950
207,2204
304,3964
146,5209
187,6017
498,7744
52,5028
324,1117
262,6995
284,7702
147,3274
79,9518
216,1290
46,6039
195,5549
487,4633
400,938
272,4033
359,5590
64,9281
330,2987
80,9885
146,7210
400,2229
432,6842
438,5039
449,2732
348,4233
3,9330
266,8787
467,5480
52,7859
77,1796
62,9310
363,9023
336,7470
434,22
106,2702
61,9203
276,6642
337,9941
20,8635
22,3304
380,237
143,6339
43,1464
366,629
404,2067
255,5084
132,8213
301,5206
308,5041
172,1130
150,7862
250,8878
72,6324
195,7698
416,4968
425,5811
296,1421
260,6510
316,8401
388,1205
318,2788
331,4334
195,8607
286,9106
283,258
203,2238
56,3807
216,3423
41,4680
187,8646
207,6065
493,1082
127,142
407,5991
390,8490
34,7839
364,312
274,3721
342,9700
269,9883
29,794
123,6485
303,228
395,8350
392,5947
355,4637
244,1547
334,6047
207,4647
457,7271
98,1259
457,8438
276,6682
181,4658
30,8825
30,3238
62,3764
174,4032
375,622
330,8850
3,7221
17,7711
370,6744
326,3406
187,9804
472,2072
333,7902
309,8491
46,487
100,3279
176,1068
81,8022
420,5582
157,5092
467,684
422,9942
446,7702
342,4901
11,3121
228,2419
41,4297
60,8555
171,8797
142,8695
167,6257
477,4871
387,2354
267,8869
253,5715
57,5055
49,8106
421,7612
70,1498
339,2755
450,4083
210,9282
197,5720
460,2409
372,5003
139,6622
195,3498
233,9863
179,7769
4,3247
466,4648
63,8187
214,3094
4,1058
72,5907
405,9686
128,9459
354,3173
174,8649
415,298
489,4903
474,2005
142,151
200,5237
461,234
500,6902
384,3571
218,3978
291,5701
345,7668
73,8537
480,7285
91,5233
278,998
244,7654
14,9099
466,6681
447,8607
346,416
18,3288
120,6462
248,3453
405,1466
220,3708
92,1934
226,5826
312,3095
444,6406
72,7155
484,4493
222,6609
159,5585
27,6320
459,3574
137,9355
387,6576
422,7001
432,1133
48,4228
204,8383
475,6266
161,2104
276,504
122,3319
249,6775
407,975
276,827
218,1778
138,8625
185,2783
251,6995
52,6926
446,5197
498,2616
11,1785
123,3473
313,2993
107,1079
2,9269
35,1186
66,3606
246,3659
295,7911
496,3952
95,6320
104,8734
428,4051
108,340
286,5490
62,7917
217,4714
479,5690
65,678
247,7492
95,6697
19,935
377,3949
352,9313
18,4103
100,4295
49,9989
225,3852
434,2606
1,9599
114,8435
430,8977
469,7917
125,7418
379,490
126,5409
365,8588
478,7744
292,9799
422,1562
489,1967
83,6290
392,1255
99,2476
308,8047
223,5739
366,185
268,8939
337,283
92,6459
227,1017
71,8318
159,332
483,1155
31,366
197,4276
473,5787
331,6064
19,9365
496,9614
84,7073
20,7360
214,136
99,7860
31,6660
380,5102
306,3660
393,5709
407,1145
466,7758
152,5480
201,816
35,9444
320,3550
39,2691
493,5679
321,5157
245,3550
412,9945
403,7316
6,3482
360,9497
252,5806
294,1889
48,5513
141,3599
453,102
190,4923
87,565
487,8388
275,7014
75,2891
420,1567
467,4827
374,848
44,7887
386,8103
31,4614
152,7891
435,2696
120,9469
493,5998
479,6989
329,2409
28,9280
493,1021
365,7224
34,1458
16,6653
135,9718
203,3467
22,3024
158,5681
326,5400
44,8552
66,4470
388,7137
315,7889
367,1073
89,9604
306,5292
416,2503
20,9359
374,2583
326,655
204,2434
484,9208
173,4482
245,4729
386,3737
15,2160
430,4346
351,7467
405,700
214,4914
217,1349
187,2456
70,4938
475,5937
466,9097
69,2406
109,8305
324,4937
203,9017
119,9762
315,5017
228,7079
305,1188
485,6201
458,4395
345,9221
334,9352
44,497
205,2214
299,2989
471,56
242,9348
121,7073
63,7334
174,5340
26,2233
243,5852
110,4495
30,8721
194,1199
475,5373
286,6477
330,2950
384,7898
292,186
41,4425
310,1537
197,22
13,3438
204,8201
130,9622
473,782
364,4035
348,236
248,5809
33,9544
442,9776
274,6337
419,5748
407,3310
122,7214
387,5678
101,3703
318,1261
245,7804
207,3447
400,6601
57,5075
412,1478
372,1188
276,5227
329,227
422,1754
109,9155
374,3000
48,9608
317,638
116,2145
374,6062
187,798
41,4164
415,8336
310,1736
123,7734
472,6405
263,6059
208,70
56,5122
402,7823
285,9328
53,1848
30,6943
57,3170
222,8740
269,6971
311,1378
234,7541
212,2171
474,2148
139,1895
111,1760
287,7805
326,3333
306,7437
426,1625
63,7970
53,7648
208,1347
207,1622
396,1136
110,3105
103,7325
232,3918
69,2055
226,7144
475,9062
218,2999
412,3602
429,1247
328,449
274,6364
272,4261
162,3000
473,8673
115,1680
448,7226
387,7345
206,3890
499,4713
54,2954
488,4631
94,151
136,572
440,8956
14,2420
187,102
362,47
131,4834
293,9924
175,67
480,2227
275,3834
144,2375
446,9352
405,35
275,2450
88,3221
223,5555
345,68
262,7331
295,7202
428,6381
241,3759
189,3084
309,8650
17,1994
338,8729
31,5010
381,8424
192,5860
460,2859
402,3895
109,7051
352,5384
481,667
429,9109
154,5087
241,6787
374,5421
499,9495
216,4745
477,1370
18,9833
304,1704
5,2164
262,9532
42,816
382,2541
491,1929
146,9025
102,4834
444,3076
264,9953
304,7117
404,6037
453,2487
406,8733
88,289
398,882
119,1411
312,5962
94,2775
146,5225
377,4836
360,9613
265,5671
61,4969
223,2421
332,7992
294,5659
216,6537
179,6480
460,3179
242,7097
303,3131
161,8332
144,6684
411,9692
181,681
372,9469
296,797
16,2424
69,9644
245,2110
412,155
233,1499
464,7897
57,5169
314,4004
175,9895
321,5283
205,7230
408,2363
286,4184
169,420
36,238
364,8998
484,987
336,2722
103,8346
126,2015
487,5037
193,8882
440,1777
304,7537
339,4437
326,9157
382,9158
369,6814
247,626
46,1164
286,5288
301,4446
325,6211
461,7392
459,2412
352,4127
441,1560
59,8651
277,8823
77,8911
46,7267
338,3565
369,3355
349,3064
271,8295
437,9191
74,4018
89,8661
298,6687
189,9269
404,527
390,9978
398,6228
277,7155
475,656
331,9918
270,715
129,9587
68,8252
360,5946
469,1731
372,3419
63,7818
110,2763
198,9463
182,5285
163,3973
498,6305
49,8519
221,4771
468,4312
459,5650
246,3157
65,8426
101,9229
348,8082
100,4312
419,7949
110,1379
51,2657
220,5052
14,1611
281,7852
265,5102
45,920
306,5544
277,5510
75,3641
341,8688
294,5617
184,7294
392,8627
276,322
137,7095
477,2839
105,2025
61,1276
461,5665
335,3828
441,6777
15,2383
419,9036
434,829
199,9264
368,7201
311,1231
404,1200
467,9015
241,4468
115,9018
434,7004
121,4423
149,6511
19,2342
42,6830
300,6638
115,5359
33,1093
248,5038
41,8990
7,585
293,9627
109,9321
378,2504
183,7094
317,7549
395,6680
59,3235
234,6833
132,349
466,7478
419,6457
272,314
24,7122
446,7536
128,7049
377,8141
339,7904
237,9817
303,2949
321,4221
336,8934
228,5293
344,4935
358,1394
211,966
264,3266
145,432
120,2169
224,3469
120,1692
379,3066
304,4480
217,5740
475,1676
63,9103
115,575
324,6237
248,4888
218,7063
317,9007
215,3353
291,8567
224,3459
441,4842
204,6255
391,1227
173,5144
376,8192
237,397
24,4331
126,8748
314,8744
136,1470
291,625
273,7709
324,2252
5,7448
99,7032
99,4275
311,9012
45,1948
499,6985
187,7144
371,6955
165,4066
62,9931
6,2824
402,5836
392,8333
400,6493
439,3365
346,9502
93,1338
112,6766
77,5529
461,9615
236,7898
471,8143
279,1375
398,660
180,2365
379,2346
227,698
155,6003
497,7749
320,7523
3,4648
36,3707
455,5425
121,7981
411,3423
238,1514
327,4021
67,6748
236,8858
391,5683
202,232
26,7039
425,650
309,1415
370,888
401,1980
368,9622
66,9367
133,981
490,436
216,7478
44,7817
332,5602
386,2966
347,7467
71,9700
338,8336
284,2838
460,5808
44,8920
128,4965
207,7130
264,8795
226,2399
125,9230
462,4089
405,512
62,3480
351,2336
72,2944
244,1032
211,8974
73,1543
137,6827
167,5947
59,6667
326,5011
195,9659
409,4187
500,8338
417,5558
460,9287
361,1080
41,7077
219,8368
18,9211
400,1106
114,4458
289,2459
119,3837
203,7618
384,161
153,5824
500,964
451,5056
306,2998
430,1060
132,2179
125,2534
87,3640
324,4656
226,4362
393,4574
199,1848
38,9603
170,6211
351,1389
130,364
282,5076
182,8753
8,4381
295,1314
319,7471
331,3301
7,7693
477,3803
247,8270
393,4336
499,2397
381,6956
29,8374
37,246
103,1606
33,4544
179,9067
190,5222
299,2837
307,4848
202,2419
427,7074
437,6686
2,7336
183,9396
35,3763
466,296
88,7181
221,7738
455,2735
192,9290
407,968
214,2549
205,3539
203,906
238,8884
310,3562
57,5558
319,4398
267,87
89,3070
456,3110
112,4391
432,8941
199,9438
367,4724
274,2633
459,6760
43,3160
18,2289
304,731
481,4999
62,3925
447,3062
217,1966
375,6338
201,8840
336,7464
145,1408
30,6107
182,5704
43,7970
471,4421
4,4843
283,5416
172,9556
447,9017
498,9459
409,9129
17,3099
488,1608
28,4312
186,6218
369,2375
77,7955
241,4305
226,9636
448,8643
12,7029
401,5788
254,3903
310,9398
182,9289
168,9977
354,625
231,8040
10,5511
55,7058
216,1795
408,4282
449,5284
495,7836
211,8345
73,2564
426,2002
57,9186
108,4606
497,1548
252,3153
219,8138
362,7264
466,469
381,1705
404,6106
271,4916
248,5798
60,2640
38,8666
135,7970
285,2623
348,2020
445,5573
9,2792
74,9735
96,2958
254,4504
58,2849
79,938
57,5324
252,4340
443,958
218,6984
328,4769
19,8599
306,7906
204,5045
209,842
60,8976
475,187
207,8568
371,5934
101,2524
426,6947
213,2641
244,7600
254,7682
166,7962
318,498
267,6816
368,6910
352,2909
334,3872
428,13
48,3138
399,7117
225,551
352,5827
278,6646
228,2271
111,7503
32,9525
204,7528
296,7581
107,5999
9,7895
477,9604
16,4396
481,9642
86,9818
403,4973
95,2426
75,7585
459,6036
301,1326
184,1644
12,9795
365,2758
153,5347
368,1915
330,9218
233,6760
298,610
36,3387
110,3898
497,4366
356,2448
206,6794
431,7175
364,7284
316,5335
392,2494
452,4960
441,6551
33,4649
429,120
33,680
331,228
127,262
114,5058
64,5991
82,9877
490,2354
458,2138
132,1577
276,4058
92,9479
362,3554
211,5431
32,8212
31,5373
81,1951
484,896
323,3171
75,931
288,965
254,4521
145,5047
63,8473
465,8910
61,6165
431,622
497,6205
107,4
92,5792
141,7798
468,9995
340,5748
424,5616
485,7201
8,1730
496,8213
111,7749
313,2674
329,5631
154,139
67,4994
140,6370
8,4268
434,271
293,3040
444,5898
419,3949
307,4076
126,2729
372,9714
293,286
15,8987
467,8371
401,6440
141,4480
431,6961
351,6697
83,523
216,2063
100,8012
35,3133
124,9124
240,9250
317,9606
184,7398
316,2972
223,6256
228,1254
125,754
442,93
211,1440
186,967
226,3171
392,9984
19,5536
451,4095
436,8681
248,3327
44,5499
461,3713
229,5088
60,1133
40,1086
110,7426
389,5982
114,3669
361,8298
258,4988
203,7188
100,6931
351,1922
294,675
432,4454
414,8398
215,3914
201,5272
281,1112
162,7113
285,2948
293,5073
69,9061
320,9409
409,8016
389,6541
269,8921
246,4917
494,7467
75,6561
143,3252
152,2809
286,3558
119,6101
396,8343
68,1990
189,1176
239,1938
198,2471
422,9432
86,2286
345,1258
248,3196
225,3768
279,390
211,7225
23,8955
76,5740
239,4619
167,8266
103,2200
332,9051
450,3162
209,594
81,2530
19,4571
1,7250
219,1332
67,1862
163,7953
418,3022
64,5402
311,156
311,4367
467,6986
225,5744
163,5931
439,6059
63,8458
207,8317
396,2114
420,2572
424,7617
231,6332
121,5565
198,2671
396,4556
16,7526
463,5629
283,1651
297,7230
35,7304
441,605
50,743
381,7540
178,2015
305,6840
137,8805
365,8028
452,515
233,1931
255,3324
108,9111
26,2503
53,3444
229,8220
174,1796
424,4496
16,3854
163,8240
137,1005
406,5198
103,3735
362,6396
405,6173
160,7916
405,3335
302,5352
354,6375
337,8624
313,8279
106,4619
39,7726
199,2800
157,6
28,6555
448,2004
448,5336
454,8077
248,3301
495,1917
185,7096
450,2835
382,6581
456,1477
109,8534
96,8980
279,289
155,8227
265,1464
108,3839
245,7533
183,2845
287,8449
126,2908
189,707
204,9645
264,7411
409,8378
123,287
227,1523
116,9450
175,1410
37,5585
36,1482
88,916
105,3046
113,762
178,7958
266,3373
265,7154
359,7909
200,8028
318,5742
446,8314
438,7155
225,4619
409,8891
272,9628
340,6928
88,8515
94,882
80,8271
143,8766
385,5814
77,1077
382,6407
158,6751
143,4063
329,4535
425,5292
411,5534
451,3114
418,909
10,2627
352,6066
45,9816
366,7119
190,8534
200,9783
58,7665
147,746
21,5978
29,3650
382,932
157,735
340,3653
469,9133
355,3597
432,9893
426,3133
236,6959
301,508
396,6124
466,9181
274,443
430,8867
139,1164
469,4065
8,8352
280,9457
391,4639
395,4223
90,7524
32,1660
385,8563
109,8773
263,2708
144,1709
230,6442
375,415
140,6606
322,7698
324,4318
469,8513
77,2517
92,1790
497,9183
370,8196
17,6973
163,4724
184,9515
131,1980
405,6122
433,352
172,8140
258,5227
54,3266
179,9117
138,7919
132,6440
458,9243
181,698
433,7021
360,3244
63,6493
418,7108
289,2391
415,7441
404,7615
311,6344
54,9761
264,8327
435,6659
40,4488
169,6771
221,9391
338,1269
198,650
125,3662
449,7725
27,3822
393,2983
23,6906
295,2085
132,5714
459,8571
189,7908
80,8782
243,8926
280,1234
342,1696
225,5955
161,6037
286,7976
390,712
111,6117
62,5106
4,845
64,2450
184,1696
310,3837
175,5153
311,7121
368,5970
379,9142
145,3632
238,4528
82,4667
482,9031
53,1953
146,9458
361,6698
386,4118
192,498
115,9696
345,4827
469,9670
176,6391
359,4903
41,5931
356,9829
405,1496
462,6918
470,9180
244,3133
441,2479
175,4635
245,3809
267,3994
272,6201
276,5242
331,6972
323,7326
142,7429
15,9549
82,8211
436,8396
49,9188
331,3724
216,7363
193,2115
396,390
313,69
397,5873
18,5156
476,6123
344,1733
305,1140
251,7156
377,1713
291,8259
270,9963
4,4045
57,7546
52,2642
10,2574
441,3965
486,7979
418,5259
23,6217
398,5782
265,5419
55,6381
219,3042
68,3505
45,6796
90,8654
320,82
436,3366
16,540
448,2396
403,2038
58,5756
278,9779
145,9291
422,2527
99,5638
143,8333
441,8308
29,53
354,6750
165,2437
134,2068
485,7816
148,9607
60,3205
153,8188
185,2269
255,7256
388,1947
121,2994
101,6876
277,5212
428,3836
315,3991
229,6936
321,6467
173,482
277,4185
441,681
289,1920
187,4325
423,8288
8,5271
159,3912
391,9282
197,8868
25,9020
368,2386
188,9584
39,8922
97,2211
222,7654
43,4549
1,9182
25,6305
382,2958
186,4034
5,6643
365,1427
411,8500
315,1993
254,1240
103,4075
160,2435
133,1384
388,7169
189,3245
103,7458
166,7155
18,8318
283,1030
220,3459
266,4136
218,4615
391,1767
480,488
301,4383
221,3761
382,6132
296,780
188,3863
480,4210
278,1764
245,301
420,2473
130,4861
11,8863
362,5550
353,7579
14,8772
331,3231
325,2477
431,6005
492,7279
25,7733
304,4342
126,869
325,5079
346,9473
403,3887
169,2563
223,3955
459,9727
383,6782
234,5285
155,1339
225,6971
46,2394
400,4876
412,689
136,8344
181,3706
31,6484
358,8107
250,7004
321,7493
8,5372
364,7016
144,9149
251,6277
23,4135
437,346
286,8341
78,5362
348,4013
69,6401
210,174
143,6892
193,1392
476,4524
301,789
139,6093
343,87
364,5489
360,1044
398,3247
317,9262
422,9661
137,6347
397,1350
170,8331
142,713
266,8021
200,4572
443,4124
291,3147
332,8473
184,1953
247,7035
362,6080
114,7129
236,2577
407,6671
56,6110
478,2503
486,3205
485,9196
23,7945
62,3625
425,328
376,1394
201,7474
409,5508
287,9790
79,9671
181,9977
421,9330
197,1994
96,1572
11,8425
48,6942
8,1786
166,6454
401,1783
241,1408
198,9299
16,8671
320,5487
130,8602
332,2204
198,8280
26,3833
348,9719
404,5204
73,8424
94,6064
200,7142
405,2377
434,9794
309,1842
337,6705
154,4805
343,4480
375,9646
273,8208
179,6321
311,3595
283,3615
397,3754
447,6362
7,2515
460,6257
17,8345
499,5521
264,3941
253,7634
113,1104
172,8400
430,2328
231,3936
150,4478
315,3558
194,470
84,1588
340,7185
110,6809
130,1024
93,4665
454,3724
257,6252
103,204
66,6943
60,7328
204,3611
33,4425
365,9764
411,3136
19,4538
65,9163
17,2138
497,4263
397,9099
63,5141
358,2052
28,4635
170,3133
156,5063
37,7547
256,1965
68,4032
220,5462
157,3916
398,2508
218,5388
86,7014
344,903
162,50
93,3089
170,3424
159,5917
15,4493
446,9764
415,6376
447,5515
341,2667
417,4309
68,1376
314,6068
166,2222
158,1524
253,8101
499,9548
336,4088
270,6640
209,8624
374,5346
122,187
41,4597
70,1006
487,537
424,4542
486,9910
167,7226
434,8781
358,3511
51,7410
219,8493
108,1531
284,8165
343,6139
402,5437
54,6485
412,4716
334,4959
120,9431
498,7959
35,7445
224,6473
374,3502
395,9621
142,714
27,7554
432,5117
275,4554
150,7636
347,4637
103,448
348,8155
244,6048
31,5267
286,7271
149,2536
467,5596
405,4538
205,2930
119,6338
314,7732
132,5564
417,340
322,2644
328,5458
104,9188
17,3816
438,6073
275,591
465,1379
271,2390
114,2017
202,410
414,3693
373,1712
287,755
270,9781
459,3270
354,2571
32,1026
188,2051
72,453
428,9044
274,419
376,7012
100,468
188,8798
64,1048
161,6297
406,7819
275,4946
276,7057
73,2251
373,9429
279,7587
474,245
432,7842
386,8892
156,6367
333,1482
153,3344
278,9343
205,1600
313,4585
42,7876
156,8601
320,8458
496,7426
211,7634
230,3956
105,3012
431,5278
289,6909
253,6127
108,7230
93,9226
294,3264
110,35
353,2876
211,175
167,9350
411,6983
97,3008
211,9683
109,3638
370,2637
300,8985
366,6702
31,9825
404,9369
114,6770
463,5134
30,7980
477,5700
58,2642
457,2553
116,159
225,9706
306,7541
157,5033
128,2014
313,3269
344,5767
256,4205
409,3865
329,2591
486,198
77,6777
90,2779
344,3546
50,912
19,3402
429,7773
328,5911
442,3430
450,767
38,1013
262,4622
18,6723
188,4973
134,194
158,1096
351,440
161,7297
37,1881
284,1668
236,946
419,8967
315,1671
210,5693
434,4575
436,2569
249,4260
140,9440
316,6113
323,8662
461,1306
354,9838
347,2955
150,786
408,8079
439,3991
48,1752
48,6048
32,497
238,9904
87,4562
61,9091
378,630
460,6232
79,364
368,4964
238,9290
340,4638
350,92
417,9290
9,7318
64,4476
88,5451
212,6801
290,1018
137,9703
212,592
244,4782
115,3984
206,9365
79,7904
173,4390
258,5359
288,9245
207,3943
55,4221
144,5972
11,1124
500,9494
403,1039
86,6946
320,2891
114,5631
426,198
177,3507
196,9425
380,4794
113,2504
436,4090
245,7712
199,623
341,8343
252,5893
55,9697
303,6915
467,1182
264,4395
241,8370
160,5297
48,8536
294,2336
123,2482
134,5836
211,571
426,3873
167,502
77,3686
285,1229
43,2721
446,3629
320,408
29,6823
14,3286
492,3367
135,8547
126,8147
360,1508
372,819
350,8750
495,5334
102,7796
261,8720
445,6632
225,3122
221,763
351,1921
29,989
135,1124
33,3395
466,4722
271,5098
140,2730
116,5234
302,7943
185,9251
495,7106
373,6064
337,6562
113,819
458,4421
251,9009
100,4432
177,2312
40,3553
330,121
149,366
58,5545
493,2083
78,2869
230,2010
245,3169
319,5766
476,1651
42,871
137,9172
402,7509
71,8761
292,4456
117,1752
170,8620
179,4879
64,9489
190,1908
266,8385
43,8488
485,1056
350,2365
297,2502
365,5722
251,6355
473,9405
358,3095
2,4177
293,747
258,7351
7,4610
63,3370
163,6538
343,9610
234,8957
219,6834
230,5132
71,3838
317,5322
117,8414
240,7356
492,7916
15,1896
362,6462
260,6624
435,8366
115,2171
387,7910
438,6782
86,7633
300,7608
133,5066
450,8256
498,312
167,2484
114,3756
186,7073
32,8845
443,1612
455,7358
438,4710
215,2775
215,8256
133,656
121,3127
131,5957
154,5797
480,8011
415,83
465,852
314,3072
69,6168
441,5241
113,8627
30,9476
104,3541
463,4123
396,8489
127,2546
404,6115
141,6525
483,9540
111,1014
492,672
309,5537
142,1892
183,59
295,5748
406,3417
499,5476
268,4675
393,2181
399,7644
97,7449
218,1399
208,9651
314,3819
432,1894
191,6043
429,4008
404,9738
484,3597
351,3318
155,8705
348,2859
450,1325
378,5405
315,7164
107,9048
496,7963
53,8405
453,8200
36,3278
190,1568
328,1417
136,6506
194,558
427,7338
277,4791
429,9808
302,2551
287,7970
266,8649
62,1870
146,3505
384,380
283,6628
344,3445
409,8758
30,7931
206,5298
231,9980
86,3939
414,8039
447,2603
17,8420
11,2921
317,7122
214,2283
63,4769
96,1480
470,2566
448,5157
368,9619
266,1669
333,2564
105,3793
189,7880
281,5583
165,6070
476,7527
211,3748
24,5877
452,1017
249,8512
195,8166
276,9374
203,6041
146,1244
292,9732
279,922
395,6528
414,8271
15,4667
216,1973
474,6043
117,4460
382,4089
304,8161
454,2050
324,1377
112,8026
207,8097
45,2266
212,1025
332,3182
146,4944
139,4810
82,1707
280,7242
488,5580
446,2189
119,1661
55,3278
6,1299
2,8069
383,3852
161,4395
21,6815
412,1478
471,1764
221,7002
3,234
500,9680
155,8654
210,5611
441,5107
322,2686
312,8347
444,3330
346,448
149,1922
143,1946
211,5538
232,3464
143,1063
217,7156
112,4752
165,2418
478,7324
350,8213
86,7992
405,7748
6,4875
172,8582
412,2519
398,7085
231,197
452,9505
1,8954
137,1242
35,9046
144,4856
184,5397
251,8521
262,2293
389,6265
369,5742
157,1072
107,2929
319,7199
439,5352
24,1039
2,7037
199,6584
427,7004
377,341
310,4863
366,776
208,1276
30,3296
462,3926
53,373
397,1380
338,8302
332,583
23,215
300,67
36,8485
23,3612
470,6401
211,5332
288,9757
138,7693
181,8891
243,3485
310,6098
33,6541
271,3202
140,8523
345,5899
17,5413
239,4605
2,661
89,5369
99,4436
391,2367
270,8536
97,3080
173,6802
272,4822
275,6776
217,8206
238,3961
207,8022
449,6485
227,8400
87,9373
218,9749
375,5583
146,7669
327,6713
393,7561
78,4699
461,1538
240,3039
206,5078
5,3871
185,3015
193,5264
406,2371
409,1346
481,4178
158,9790
52,8392
471,2567
41,6229
216,2737
395,1200
333,1316
430,4588
295,1412
236,1231
68,8274
292,6011
382,8925
400,4070
174,9510
31,5776
120,9462
486,3004
209,8180
149,3830
338,5814
181,4732
152,7963
88,9419
320,9384
353,550
178,3037
189,1993
101,5985
147,9015
273,8118
300,8488
447,9037
454,5286
428,8605
179,431
207,3763
336,4532
256,2745
334,4439
278,4346
339,1102
186,5646
321,1482
24,9259
277,3970
348,4255
397,9723
56,3893
226,3750
143,6249
303,1347
456,3300
389,6195
111,6417
457,8382
466,5775
362,3431
431,1765
36,3755
290,6573
347,9234
315,1266
376,3841
404,5231
411,2367
169,7980
417,7293
286,9522
113,5858
401,1848
241,9243
314,2677
213,2278
317,3501
13,5262
448,4760
10,935
21,5271
220,2281
344,651
112,4663
13,4722
283,3553
132,8789
144,6831
260,5268
424,2802
279,3180
449,1085
233,5715
268,2335
424,848
5,9488
367,161
340,8326
383,825
393,2218
64,9810
383,3836
128,9571
343,1868
283,8384
352,230
463,5223
238,4757
499,3762
329,8994
322,3116
130,7535
209,1146
338,6325
41,2868
186,6714
26,9535
460,748
331,2811
51,7849
117,7122
186,9441
64,6468
452,1298
320,4089
18,1670
142,1803
363,3196
349,5280
169,1155
450,6330
272,7656
442,8419
421,5769
154,9901
299,9770
150,355
105,7251
27,1109
380,1599
429,3292
152,3449
492,7417
202,5563
331,2444
361,3927
376,8318
90,1575
437,3611
183,6239
109,8520
486,9800
397,4831
374,8633
275,7301
280,9438
492,5299
192,8530
352,316
344,881
110,502
99,2862
110,2621
493,8438
339,1417
194,6348
254,6764
469,1472
348,2652
237,2267
237,67
123,3756
348,4218
378,4754
277,1423
478,167
371,6763
233,3929
42,5105
64,9353
431,3827
413,4376
90,4249
223,6702
457,8771
371,1345
473,8601
72,1883
254,5442
469,8748
203,2830
7,4175
141,636
132,9151
427,1575
108,7333
172,5661
144,9258
347,9303
317,4826
137,4336
6,450
174,9363
375,1446
145,1327
35,8835
118,104
96,9530
358,4535
5,4415
423,6271
409,8127
202,7244
273,5722
405,3855
49,950
346,5666
205,2084
269,9689
454,3040
481,8603
2,2455
2,9401
17,2091
198,7724
470,7599
406,4081
336,3715
417,2736
220,7973
33,3068
489,850
2,8835
27,2885
229,8842
29,7787
479,7642
153,7519
113,6216
146,4631
16,9470
155,38
46,7263
91,753
238,9203
269,5681
317,9548
399,9027
49,3084
79,4165
73,9048
97,123
165,4971
234,4739
4,1672
365,8283
210,7550
393,1663
124,9984
246,3183
485,1942
375,7804
490,4005
420,1647
362,6933
304,85
432,3280
145,8082
139,2695
130,2680
397,9856
20,2431
500,1224
461,4568
452,4090
253,5207
155,9024
253,9631
97,9157
286,918
89,4334
351,4413
139,2101
44,1682
402,378
196,1883
57,6195
322,8372
55,8291
219,4486
425,2698
499,4703
393,7962
145,4616
140,3888
224,5609
397,8489
256,5498
159,1559
479,539
474,1315
335,789
406,4612
45,7243
65,8205
32,2411
178,8108
108,9818
64,1279
71,2001
402,236
465,6462
260,5971
12,4679
325,6447
396,1974
145,7224
21,7848
470,7335
321,7611
489,8178
91,6676
38,334
416,3543
3,3948
427,184
208,8123
83,5519
126,2961
378,6213
147,4572
6,8795
114,9236
191,4523
101,2948
268,9171
63,1241
363,3428
431,3409
260,3634
15,4796
69,1083
175,7143
341,914
381,6180
52,4829
346,8829
301,476
478,3686
86,7791
25,8499
237,6901
497,3242
124,2396
42,98
264,9501
265,7046
371,1997
65,2296
242,9377
180,8011
49,6524
82,4290
146,6173
102,4836
298,594
330,3646
237,4004
453,6694
301,3914
151,6122
358,3777
34,8105
60,4472
406,1094
54,805
14,1670
281,8691
276,6537
411,885
289,2542
477,8811
449,6518
171,1930
366,9662
61,1939
194,8330
198,6034
238,352
35,8949
178,5976
375,5596
338,9969
8,5031
56,9276
422,8905
294,7082
245,9601
339,4143
205,7729
229,7005
442,6823
347,3513
273,2583
461,4135
294,8375
169,1884
45,7088
68,373
125,2549
117,6301
114,3930
272,166
299,4521
125,271
29,536
360,2242
347,3031
195,1872
278,2245
234,6301
106,5114
246,2835
479,3011
32,3615
166,4848
446,3398
243,4382
244,4775
140,8162
157,4896
357,2893
20,5731
221,8131
384,6222
104,174
270,2784
334,3478
325,7539
103,3019
223,356
47,4181
79,7313
368,7859
287,382
40,7192
288,8514
350,9931
343,1941
96,6404
252,8131
339,3482
345,1026
447,7777
39,6376
386,4029
329,6572
268,8881
444,112
280,2724
263,3858
127,9988
126,848
326,6821
185,7686
217,686
372,7873
340,9292
13,9523
25,3746
79,2688
157,962
202,2831
130,1277
99,9650
389,6084
279,5974
330,9993
28,5916
245,1833
72,1327
63,88
7,2632
252,94
370,9354
400,278
477,1032
86,6623
103,9902
490,2446
170,3871
374,6141
326,5292
468,3563
478,4618
89,3035
28,8748
482,6186
273,2503
207,8067
169,6384
58,1494
87,5462
162,9124
321,5379
53,2278
133,230
323,8578
145,2853
410,8169
217,6672
262,6973
325,8388
140,8100
70,5445
228,3427
470,9839
248,4322
488,5694
134,247
422,5763
96,5859
168,7621
72,1439
14,1036
477,9312
282,8975
199,7682
87,8802
214,9146
37,3956
389,5889
253,8853
219,6980
220,6743
420,2715
68,6478
488,3156
307,7667
336,5101
123,6237
369,3727
258,1431
192,5573
483,6390
147,6618
219,8691
380,2903
271,1413
342,4938
451,2349
177,3329
117,7615
132,6928
119,9290
250,2674
299,3999
297,6860
1,9247
77,6552
320,5346
361,5963
179,9887
69,7836
205,8364
456,5743
291,1525
145,4922
165,1574
347,5888
272,1730
207,9038
362,6006
373,7287
17,3542
480,133
395,6293
47,8322
396,3953
202,5818
135,6845
247,1353
116,2319
15,7175
16,4116
167,6030
406,7351
301,8712
189,9234
138,4253
395,5042
201,1498
286,3834
14,2018
472,5973
221,1681
381,1601
91,8469
139,3772
155,6116
309,757
161,6127
346,295
180,5680
95,7088
472,4247
305,4088
81,7206
233,7892
424,5611
37,9378
239,395
258,3744
498,9322
333,760
363,9212
470,744
269,6562
134,2105
382,3880
232,8693
33,628
489,2520
489,5253
230,3436
196,5570
238,1470
145,3298
291,4208
137,1787
98,8308
191,503
462,169
5,2217
229,1809
362,1650
127,601
184,3299
70,4658
441,5785
286,6252
456,9307
51,119
166,2405
266,2308
436,4159
430,1360
375,8386
355,1234
132,3496
106,8619
113,2558
326,6419
337,9851
103,3452
9,4675
206,8312
333,6876
84,7098
382,194
275,3313
60,8813
375,230
244,6243
396,5527
129,8977
56,2504
408,4061
250,6471
269,6534
374,7780
192,730
348,9083
72,4354
55,2191
317,5993
240,2557
330,8596
492,4526
452,8967
381,3562
29,5359
434,1707
225,6296
473,2089
430,7012
204,3391
258,2369
226,6055
267,954
450,9837
161,7727
181,7462
488,9465
357,8985
455,9178
337,3045
102,3426
496,5698
276,4689
429,8694
33,2266
424,8241
201,3351
211,3512
469,1135
44,1576
476,9669
457,983
9,3260
103,7344
347,1963
67,2713
125,7005
64,7045
488,8332
57,1503
180,3951
286,1715
126,407
78,3227
191,7909
425,6393
458,7473
34,3952
349,4614
379,2928
248,4453
488,6432
25,8348
327,2969
289,878
52,3358
117,1913
199,3238
375,7734
365,6303
32,2661
456,5147
329,6631
132,1230
163,2561
300,9946
252,8925
462,7994
71,6668
455,277
319,7697
88,988
286,5801
78,7521
437,4673
100,7829
490,7075
229,9131
29,8205
42,3463
408,1205
192,4679
277,8307
473,216
396,3437
206,810
251,3748
74,9538
471,1548
9,5245
292,8626
316,8341
236,146
159,495
296,3246
82,7818
331,8261
352,7291
34,6250
392,7273
335,3627
366,576
302,2025
493,5827
344,4453
198,5320
194,1834
435,6464
271,8148
308,4888
320,9474
285,4059
376,484
108,535
11,5781
335,5811
42,840
487,8829
47,5274
371,793
344,9327
195,2702
449,9771
302,9369
358,4457
365,2488
79,5136
218,2346
23,8709
63,6249
10,8492
358,5574
270,8751
15,6152
144,5170
441,6152
224,4973
223,5211
29,1498
348,6535
444,9474
481,3615
304,4914
406,4213
43,9809
388,4249
204,4870
366,6921
436,2901
465,4419
414,5063
83,2564
352,402
460,2194
10,1672
216,316
167,4812
497,1039
318,5404
242,3174
141,2044
293,3580
434,242
477,5707
267,1209
148,9458
6,2038
268,1942
499,7732
493,7146
417,6229
52,4124
416,5986
368,5656
384,7867
442,6750
63,8953
186,4892
413,6427
248,5304
426,4916
225,3124
483,9557
116,4050
7,4933
105,883
285,6934
374,6500
444,6856
387,2408
143,9572
203,118
439,7755
252,1766
403,9060
161,5185
156,6998
3,796
459,8522
265,394
247,7259
17,5740
485,5953
30,5203
491,6934
346,6404
176,5680
398,1650
133,4142
423,2144
453,6230
500,4567
229,4020
46,3040
51,8509
457,9627
201,1516
234,4870
327,7863
110,9750
416,5788
264,4099
7,1238
438,3744
155,1956
291,325
368,4285
406,8633
355,3236
24,1181
436,6223
228,1914
318,4094
168,5103
471,5948
306,3176
219,4126
332,4630
382,6168
311,5827
373,2935
256,4236
305,253
262,4009
272,5005
296,6299
468,338
159,5447
337,1444
286,4279
372,3754
329,5011
400,1342
178,8928
417,5746
285,1944
462,4310
234,5060
92,5257
57,7861
54,6288
297,4129
452,3048
498,2440
246,3441
274,9755
175,7601
245,6569
402,4399
197,6900
409,8986
393,5748
235,683
222,4472
308,9479
113,2183
386,926
118,4542
319,5972
351,6984
146,5119
29,2873
199,6346
331,7852
444,5675
104,4003
412,8833
383,6235
241,1391
274,9337
204,4638
130,7701
4,4304
146,5164
141,1308
455,1770
476,9851
392,9880
457,1515
263,9314
224,5969
82,9339
177,4226
48,7632
463,4088
500,3610
478,1008
17,8044
492,3501
464,1653
122,4592
305,1377
208,5162
403,2068
132,8296
496,8218
275,4686
370,4789
458,7077
153,4485
452,1721
386,506
146,9732
23,5211
116,9941
471,9250
195,3886
41,8010
283,7388
188,992
331,1551
143,8458
446,4733
270,6337
331,4469
345,6021
360,8906
440,938
56,8998
50,1945
255,4154
306,7534
450,6746
357,4874
187,2473
235,1039
139,3936
103,402
498,690
252,1082
316,5827
489,9773
254,5549
190,6151
308,5892
174,7544
140,341
158,2515
432,6103
137,2137
222,4392
50,8964
161,2309
240,7123
14,786
311,3677
409,4956
201,3684
470,9048
336,6615
471,8890
301,4512
261,6673
341,8498
430,1537
84,9264
444,4462
419,9916
103,7908
207,6905
146,8976
401,7495
209,5985
412,4309
54,8126
439,3474
323,5483
103,7175
156,9676
438,1773
256,9566
475,5913
328,556
141,3592
335,6344
5,1114
480,3761
214,4312
497,3184
85,5492
350,523
108,204
484,5936
165,7688
415,8327
47,9195
463,1502
18,4211
172,1477
332,5670
224,1047
146,4843
24,227
156,3916
226,8320
223,8585
269,3819
373,9184
371,8626
155,8007
245,6250
25,346
167,5617
230,8233
189,6271
243,3374
272,6938
23,7588
350,1059
397,3778
20,3963
168,6156
278,1301
473,8079
367,8720
290,7850
216,6046
431,7345
205,5877
370,5238
250,7182
387,9720
250,3515
280,4552
428,6686
224,3526
268,4881
323,143
253,2594
159,8992
254,3852
360,898
250,5227
248,7381
454,2144
435,9504
4,8300
107,1501
243,1178
315,6512
301,5827
433,401
270,9235
3,639
387,6283
298,884
464,2108
414,2527
149,4787
442,5056
6,5709
408,6308
456,2115
251,7410
267,4026
232,1083
233,2438
272,7807
266,468
403,2923
281,747
322,482
50,2902
118,5431
479,5024
21,9690
239,1880
246,9865
40,5743
159,330
237,6906
473,2921
496,9125
346,1661
61,9869
417,3748
392,3329
5,1436
468,692
461,4844
276,2731
154,3567
44,677
280,4244
481,9358
43,1712
216,5960
17,1832
81,6755
271,4022
272,6101
210,4143
127,3472
53,8734
449,345
41,9402
249,4785
2,8797
168,178
183,6498
88,5806
129,3011
492,3779
490,1036
246,7492
476,7353
167,1764
245,5065
22,1584
276,8805
208,2992
208,7651
356,9365
304,8833
387,669
139,3143
70,2567
142,7225
128,3848
59,3497
428,8904
445,4985
94,494
223,902
420,2736
147,4452
29,8168
438,5041
384,8391
374,4518
114,1047
28,9688
281,6067
384,3202
164,7097
49,3583
280,5262
362,1936
260,2986
440,1171
392,7542
288,9475
223,1480
179,7265
298,6566
410,7758
477,2136
375,5459
399,6932
22,8818
299,4374
65,7013
105,1684
344,9772
44,4793
483,1207
215,7196
257,4120
71,2153
33,5537
344,7234
211,4011
121,9469
82,2386
61,5021
311,2719
410,7790
438,933
496,5917
115,8578
249,1813
243,3725
420,6316
465,1030
59,2126
197,9929
4,2205
94,1524
438,3057
349,5119
307,5619
370,7521
451,6484
287,5979
67,513
437,105
165,6329
334,6671
285,9475
387,4253
26,741
273,6572
399,3389
428,5376
142,5389
299,6759
104,434
488,2159
104,1412
179,8469
435,4077
360,5738
137,3974
85,7356
350,9227
411,7397
212,6194
425,8024
442,7298
217,8367
378,6789
42,2323
323,8576
317,423
410,1179
446,5889
18,5091
435,7681
397,7688
113,1109
237,2703
178,9352
489,4172
216,2635
102,902
394,944
436,3370
113,1427
475,2968
52,1301
447,5319
327,6765
66,2660
353,941
87,3254
218,2205
357,1281
6,7338
136,8196
163,4901
206,3268
455,783
81,2513
84,4953
8,6703
378,1979
291,147
431,8145
307,5015
302,3611
278,9084
216,770
155,9999
256,1972
317,9321
470,2074
438,2261
365,9419
66,6687
187,7999
405,4595
321,7712
449,2845
461,6856
180,9076
206,9710
196,1589
271,4381
391,9940
155,9681
355,4369
201,4159
319,4104
397,10
160,6383
179,9553
361,9504
272,9718
147,8571
124,7930
278,9226
67,569
163,4354
339,1883
438,2894
246,9650
313,714
217,3151
204,4204
356,4441
64,6903
431,1352
102,3973
74,7023
250,7290
353,7293
281,8495
35,3306
314,6346
22,7238
28,6429
212,9576
203,5821
447,3589
387,7907
234,5902
432,7452
478,9202
162,4789
46,3664
45,7651
223,3887
348,8794
265,5147
11,57
60,2293
22,2529
111,3485
468,3281
242,4904
222,2805
425,1399
406,2232
403,9152
27,3333
392,5167
8,5229
133,9068
290,2778
45,7455
270,6098
142,4068
492,1566
399,7290
386,5614
128,8710
453,7694
338,1676
191,8097
74,3356
354,6972
451,5066
11,2664
70,3106
159,3030
324,7236
265,2900
332,3955
89,3769
344,442
383,3964
437,2853
341,5633
228,3856
72,7645
420,6343
300,1005
326,3941
371,4405
496,9509
268,1804
16,3413
244,7564
107,5518
404,5071
149,7571
328,5372
201,5554
335,5136
245,5279
45,6210
208,8679
293,1091
1,6782
365,1676
280,4930
467,3742
179,5102
55,8932
161,7070
381,2289
71,2467
22,657
311,7488
365,3835
4,7501
196,5460
462,441
134,6871
318,3914
20,5033
478,3903
286,5954
215,7694
117,8312
243,5746
172,5654
231,9987
344,104
99,5480
379,106
481,6677
90,5645
260,8602
80,7957
476,1922
108,4571
493,367
475,8232
317,6005
287,8656
295,9435
399,5627
46,8372
364,2680
82,7091
379,9810
490,8277
433,6769
262,2561
99,2869
340,2653
455,5957
155,8439
309,8530
301,3790
197,2841
441,2708
88,4134
289,2120
182,8752
52,4022
468,1680
421,9266
260,8123
269,5846
413,7597
474,6279
224,9547
182,9924
15,7666
233,8465
25,5619
450,5469
102,2620
385,908
118,5636
491,7248
436,7493
421,7619
106,4824
47,509
181,5057
124,7717
76,56
79,4580
247,9416
384,3389
99,6580
290,7468
142,6149
43,5622
7,4764
58,9790
398,4554
374,809
416,6279
87,6683
345,3534
272,7096
118,133
288,2524
69,8148
57,3416
403,1937
302,8165
85,9585
441,880
105,816
261,2710
480,3284
427,4763
246,1955
152,2330
262,1175
484,1819
108,8506
338,587
111,2238
272,5328
160,7109
450,9647
70,4249
239,5581
3,4686
90,8147
377,2407
1,6687
428,122
139,2758
238,876
243,779
294,9598
224,2489
19,6660
110,4711
201,8795
394,7959
460,7990
340,5356
90,3404
415,5111
198,4746
75,2570
432,3488
73,7305
2,6437
214,4766
154,9197
249,5643
157,242
150,1290
395,6997
150,4184
460,3006
19,8897
297,9788
479,7449
207,5652
302,1573
398,9085
66,4238
158,7255
231,7204
210,468
269,3837
455,904
445,4431
39,8040
45,156
168,1225
292,7662
128,1723
64,8604
474,5212
230,2979
258,9475
380,185
273,335
21,6060
476,7276
331,5597
349,6832
19,7957
71,684
200,1262
259,2881
136,4062
369,3259
255,3176
285,2899
412,6763
442,4548
255,7499
150,6192
312,1596
221,4588
176,510
464,1353
168,6272
318,9612
54,7036
394,2011
147,1533
254,4704
287,368
498,5603
402,696
416,4715
101,2396
262,4286
392,7874
287,4814
86,8792
488,773
62,4277
463,3792
488,5144
180,8176
377,3224
484,80
440,6937
481,6992
386,3736
308,9598
49,7549
454,568
131,5690
225,169
45,7282
90,118
441,8999
56,8442
300,292
456,4355
74,7252
125,8817
37,441
38,8548
197,6951
445,5245
183,1731
27,3662
274,984
127,1590
168,3634
285,259
84,2011
119,5913
43,9072
53,3404
18,9509
72,2321
306,4680
35,5518
235,5901
141,5443
88,9794
326,8361
142,9319
355,5436
104,1402
275,7216
82,3946
240,40
91,2310
73,6667
451,2858
442,3105
247,5890
99,6158
179,6063
411,1511
217,7737
304,6129
492,5276
327,8494
83,357
426,8251
114,6202
220,430
463,2597
452,9329
120,4541
87,598
100,2094
50,8996
349,4450
314,6244
481,7740
65,2602
444,341
467,7677
235,6147
187,7882
21,3483
258,5172
228,8570
345,2466
406,5522
237,1581
420,4950
337,9373
295,3048
2,3358
324,6665
147,2923
23,5735
244,8939
399,3429
186,4707
436,6919
421,9621
154,5682
295,3726
333,8240
43,5106
128,9725
377,8934
239,6157
381,4130
58,3374
338,5303
482,9970
123,6018
293,9608
282,5279
51,1423
351,3438
343,813
264,7413
433,1042
354,3377
239,403
446,2459
250,1455
210,3824
147,4797
119,8971
386,8926
50,9838
435,411
262,3220
430,950
195,4641
97,8253
436,8015
394,17
249,4550
479,8782
306,9904
471,1157
284,8247
452,3835
396,9655
25,5903
31,8647
112,3385
376,5979
111,8529
441,4069
83,1047
446,853
259,7878
228,4945
388,4553
235,2888
57,3387
76,9371
415,8015
406,4376
211,7733
117,770
46,1456
300,1949
203,8041
66,2359
178,3865
429,5408
475,5880
486,283
61,6774
84,6005
340,4146
99,8211
138,6890
234,8465
369,852
193,4823
435,7052
149,4135
30,1214
478,4186
420,3722
436,8414
32,7172
252,3397
126,514
172,2331
444,2169
124,2158
67,9238
474,9796
64,270
82,636
445,1977
391,2486
353,410
30,7841
31,6129
328,5027
3,5851
134,9277
68,5581
132,650
221,5865
109,764
177,340
221,5546
259,8030
26,7278
256,2235
365,4900
185,1103
136,4663
392,4053
424,5579
497,4361
208,6989
190,387
141,8832
180,7150
493,9150
184,6251
311,9903
363,8082
360,1183
157,4333
17,3434
375,7712
166,4591
162,4746
128,4767
307,2252
385,1989
304,6082
493,9697
251,6775
340,4314
299,3303
166,6635
427,735
204,8606
458,8634
275,5616
51,5998
72,8596
178,1998
268,8624
492,9712
73,4124
236,675
77,1930
120,875
6,8746
35,8778
106,6799
205,3704
6,9816
22,4277
260,8091
412,8157
394,9433
412,1304
481,591
41,5861
178,6948
244,3385
100,2986
307,8418
31,9736
202,8716
187,1821
214,4739
393,6839
424,2747
255,7757
130,1702
418,1442
383,3626
94,9871
393,4494
80,931
261,5139
143,8604
352,7536
141,4696
462,9144
7,7266
325,3751
89,6171
41,5513
369,6070
193,4135
17,2564
206,1239
493,7247
69,7104
284,8862
227,7930
104,7258
395,1314
122,4246
43,2560
118,8577
234,1932
384,1917
385,4806
488,1984
353,780
35,4425
74,7713
266,1949
401,6134
466,1292
202,651
98,5052
278,5286
309,3564
221,5732
347,6713
145,2711
139,3969
476,4392
235,964
14,579
232,5160
283,5546
475,7406
445,2693
391,9620
239,7202
240,3010
146,9073
107,2262
427,7364
364,1640
141,9179
284,9254
387,1277
321,1657
140,4385
324,6189
371,4833
51,6962
499,4152
307,9275
270,6366
213,6226
211,5810
364,8942
424,3930
192,158
308,7404
404,8349
434,3313
295,3236
264,9380
150,7750
276,692
260,3938
192,6625
306,832
464,237
90,6624
422,1760
239,9309
285,9000
240,4845
292,4666
466,3421
280,1664
177,6800
123,2003
23,3827
199,5125
132,4870
29,8134
414,1478
114,5418
414,6881
45,6437
98,882
353,327
397,1035
401,6491
463,9701
407,7040
109,812
455,5830
245,5380
354,3082
298,1128
295,8916
397,43
400,182
165,46
11,5591
216,6494
233,87
14,8501
18,8971
167,9256
301,6529
387,2558
475,7633
73,1587
222,8598
225,7233
225,2541
91,8844
214,6500
361,1896
362,5872
160,6973
454,4064
52,4806
494,8032
361,1669
415,9989
184,3896
218,6758
105,4310
402,7992
452,670
23,6851
171,4873
420,9927
374,2418
477,9092
428,4425
138,2497
164,1446
52,8431
80,3965
432,7400
233,1632
235,8293
397,4813
140,9785
464,8469
468,8490
115,7394
212,6166
154,1888
284,1648
458,6418
219,2323
29,9625
167,9068
26,7419
253,9519
208,7595
206,5392
55,616
295,706
139,2102
489,6971
425,4276
69,3035
384,6136
420,6517
442,7773
362,3457
441,8774
187,5684
272,330
61,4276
251,1621
427,1462
373,5058
271,7935
170,1026
225,2910
402,1700
92,9912
302,8418
465,9717
83,2278
263,7164
64,816
322,9087
123,4038
434,7097
166,3358
448,3543
74,2416
30,3602
123,543
243,1243
285,9201
46,6060
172,7410
414,2980
267,3268
229,7815
18,4108
383,4770
39,5896
485,9092
316,2564
176,4283
296,2130
493,6754
415,4938
316,7828
54,6415
291,3524
2,2852
496,2552
286,2538
190,9721
363,4829
497,9381
485,2565
445,2467
317,844
383,645
328,5105
234,2349
98,9504
21,181
293,5899
494,5053
408,1774
350,1266
222,2672
13,2798
415,6939
141,1553
231,2860
183,3996
288,3759
215,879
166,2764
65,2254
427,351
219,1299
134,702
176,6482
302,2178
168,8046
244,3895
204,5899
264,4485
107,4357
202,4722
355,5734
308,9625
499,979
62,588
224,9881
122,8050
182,5612
261,6000
216,869
364,7911
26,8544
141,4316
216,8429
490,489
273,2942
359,2440
289,419
248,9492
340,9172
252,6287
70,9995
381,3465
446,7425
218,4329
53,4745
448,2482
133,5205
112,3980
229,8037
415,6842
431,9911
285,2201
204,8563
362,5884
451,9276
222,6659
449,5460
325,393
208,6672
277,3690
279,176
213,1965
437,4601
321,667
203,6162
386,2286
16,2693
287,9476
139,9493
231,7890
161,8409
303,1240
172,7488
481,1924
386,5842
287,7827
70,5734
145,697
400,7165
475,6537
222,8559
389,3620
209,315
154,8325
424,1421
184,9685
264,6337
129,888
220,4908
177,7084
205,6034
407,9997
2,3744
45,4637
148,8008
422,595
399,6224
392,5016
190,4152
470,8990
327,1487
125,4098
398,6213
116,8751
90,4768
195,2391
13,8901
461,6035
358,8260
251,8409
465,2956
304,3101
82,8374
138,5703
227,932
413,1456
134,8551
80,7463
366,1767
222,1255
155,7675
361,5049
172,3890
290,535
311,7281
170,5863
5,2213
60,4637
228,7662
308,8997
317,8204
369,9254
336,3452
306,7427
183,3618
96,9556
344,5516
299,4734
320,2156
456,6907
361,6499
445,2632
314,1722
341,2412
420,2124
135,2666
119,8900
419,4384
54,5667
426,1161
61,749
197,1431
98,790
22,197
85,3400
66,1553
305,5882
20,9594
279,4549
158,7369
103,9152
16,2319
177,8405
358,3870
246,3966
32,1369
46,9432
338,1762
61,1748
161,5329
342,8838
233,8362
3,6860
30,3982
120,1815
48,9950
426,6131
29,894
305,6154
420,2941
68,4171
419,1399
111,3253
325,232
470,7987
148,1571
74,755
445,1125
224,3827
330,818
286,9367
217,8245
167,4406
483,6531
176,8287
187,1581
464,5208
439,6727
389,5858
42,4588
347,91
484,4868
169,343
192,8771
92,6780
261,9171
497,7604
66,7245
223,5090
203,9040
189,7156
174,8266
361,4932
202,5556
330,3823
242,5934
491,6734
435,8161
161,5318
149,4650
283,896
298,9604
235,343
331,8230
151,1869
352,256
130,9343
229,7852
240,3758
355,7329
224,5596
130,9585
384,2421
449,1462
404,2574
55,6052
279,5661
282,7367
387,8701
279,6426
449,9895
373,8326
76,5947
6,4260
223,3224
226,8234
388,3620
277,6559
352,7378
439,7044
336,6510
163,7028
155,6756
432,5182
477,8950
375,7835
93,6529
319,4878
284,1249
100,5558
425,2185
98,2238
109,7416
12,1057
122,728
97,2585
408,29
408,2154
149,7900
405,3463
384,5736
400,6870
493,9599
462,4051
56,1380
346,7827
271,5634
158,7918
379,6373
367,5703
85,2365
350,4197
453,7857
353,1897
94,6381
279,3666
5,1302
186,9388
462,2241
497,9488
219,4963
403,9609
9,5590
94,7130
218,3799
328,9474
370,8368
372,4157
483,4342
224,7317
372,2349
332,8013
398,888
50,7308
76,5333
448,7071
38,6606
250,2725
380,9255
247,1129
169,7222
225,4190
86,4387
363,4009
118,8416
99,9815
266,7134
146,4863
178,9129
49,1569
108,2002
147,4740
408,4365
117,8246
429,5619
444,7448
214,7044
440,3120
145,3291
326,5196
262,4427
38,6416
32,8407
382,9802
371,1323
300,4474
371,9627
4,1318
216,7538
181,5831
129,6120
245,2776
352,9430
132,4502
325,5804
282,1956
263,2437
9,7950
174,4936
132,8724
286,8741
148,9963
103,4771
80,4642
196,5415
463,4852
396,2898
148,9523
445,6431
435,2038
323,9004
464,4835
44,1313
358,6317
24,1428
469,1875
440,2672
427,2549
257,5580
78,831
308,1648
106,2407
238,6269
340,4530
86,7831
348,4776
291,9635
87,6593
130,9987
461,5407
335,3762
113,8984
112,9123
5,6896
201,3992
101,1414
122,9375
419,9721
326,909
293,4458
462,6289
384,9802
459,8332
43,695
134,1049
456,7148
255,2953
186,1841
5,1433
459,291
139,8209
229,3478
184,7005
253,3551
30,698
126,4611
179,7720
372,8173
44,2248
195,1735
93,6339
51,2523
265,1082
192,7320
122,9602
334,6903
390,3612
351,8275
79,1946
346,4494
346,1151
176,4565
441,1122
48,6571
324,9988
89,699
257,5004
302,7654
24,2424
115,5252
54,9166
434,9163
435,8069
469,6029
57,8891
297,8793
110,7734
354,5275
424,3835
212,7516
98,2532
256,7786
200,5677
2,8970
180,6763
162,7708
190,231
17,9600
287,342
253,9401
322,6017
351,8394
73,8389
440,6205
387,1211
333,9727
132,1443
495,1130
275,2055
433,7870
495,3744
466,8791
386,9910
67,3244
162,1094
143,7519
79,649
352,807
473,4889
56,7548
454,5903
401,2568
353,2346
30,5064
166,9907
226,9777
420,3518
438,4415
154,5604
454,6106
414,4511
409,5276
39,7493
279,2373
117,5027
8,7879
17,9764
231,3471
240,7991
213,112
333,6111
121,7701
182,1688
236,1417
188,3697
30,3727
312,7800
255,3543
435,2227
202,4156
225,1047
146,2290
170,1785
123,1584
221,2511
496,4184
195,9860
363,7970
107,1498
241,1805
416,3101
324,6926
208,299
464,5985
80,8323
53,8649
332,2257
426,2733
447,9912
364,5221
68,3993
497,8466
493,32
169,3733
84,1560
135,8076
98,1315
141,7315
191,9697
217,3244
415,2602
199,6564
184,1317
374,1899
451,3958
6,1008
293,5749
210,1970
429,1029
187,4173
142,6815
135,583
114,442
333,3831
413,3388
448,8477
100,3542
41,5352
180,5002
198,8742
253,6480
19,6857
147,5413
68,4207
58,1475
195,2165
479,7888
462,1358
118,7829
445,3364
237,2155
78,2647
386,8291
176,4635
11,3351
19,8988
312,4663
160,3136
166,5928
346,5764
61,4925
494,7731
430,9408
381,5257
469,6373
209,4584
129,8029
236,9035
500,823
223,9335
152,9818
136,9225
391,4840
133,1630
467,466
24,1458
212,631
60,1503
429,9273
487,9110
190,392
306,8298
491,391
471,170
363,4286
286,5178
368,9176
174,5831
147,5717
131,4642
142,268
43,1155
488,5544
491,8800
352,7470
432,4225
160,225
480,6576
204,1242
295,7650
273,7309
162,5307
83,4341
131,4296
59,5616
292,9396
410,8825
364,3594
212,9523
320,3958
238,9762
53,464
366,2009
57,2357
6,6564
299,4659
225,27
256,5254
123,7523
401,7218
143,3194
331,6268
291,759
350,4504
321,2306
490,5895
267,7058
242,8757
30,7864
472,4243
456,1960
445,4357
420,2900
211,3945
297,680
301,7269
259,6928
441,4127
459,8446
486,211
84,2149
227,5009
250,6480
220,9988
217,7781
283,552
14,8431
246,4359
178,636
245,6791
47,6053
447,4
116,8303
176,4450
400,432
13,9354
422,8334
151,4991
204,4508
451,7883
279,4067
311,7540
47,8471
47,4541
380,4942
16,6282
420,7496
157,2361
113,4797
434,92
129,3015
41,7282
464,4343
232,4522
468,1854
32,7705
261,8759
2,4487
374,3019
60,1827
252,2527
111,6198
8,223
312,4771
334,1955
381,9975
141,9385
470,2463
198,6641
257,513
12,2025
310,3075
258,5107
383,3883
440,4655
103,9222
159,2111
470,8764
151,9844
421,2890
129,9588
446,7322
192,3264
154,4040
145,4743
113,6350
45,9628
212,1823
217,7929
468,5024
217,6303
407,3296
46,8219
403,1095
155,3538
310,3938
249,8079
424,1711
392,6889
460,3504
206,2203
420,7741
195,5186
465,8602
277,2699
163,1424
349,1959
131,9172
143,4745
248,2077
369,2011
473,6397
424,1631
419,9388
202,6312
109,1684
317,5434
53,2335
308,5269
310,239
421,7975
43,9820
4,2816
81,3758
107,8908
452,6875
187,7942
153,7655
51,2613
336,6015
240,3269
154,4348
266,227
264,1121
236,7743
293,9008
34,6624
280,1817
414,1323
61,5201
500,844
82,4682
181,6819
355,1742
273,5772
482,9314
143,9449
205,1040
73,3590
232,6919
436,8436
462,7479
128,3294
71,9447
350,3093
335,2533
415,7329
5,7940
80,5320
194,6414
160,3752
200,1892
333,3691
175,1499
218,8495
338,7474
312,8432
34,3894
352,328
149,7074
144,4517
219,8563
468,886
371,6911
333,4812
248,1011
101,2846
348,3418
293,3997
318,1201
7,7666
54,3258
341,8624
375,9923
374,1679
232,4078
45,5225
163,1307
52,6679
15,5515
250,8071
80,9628
301,9525
374,9883
219,8598
356,3844
112,8855
283,9898
262,4059
278,9605
344,7134
366,2403
172,32
276,8346
18,1290
351,3180
356,1180
378,9653
6,461
251,5193
313,1540
49,1908
410,7065
14,504
179,9839
75,5558
395,6135
115,7324
395,9704
278,6712
197,9555
244,8279
198,7480
493,9312
497,4526
272,6673
494,3271
225,3268
201,280
55,1310
135,7559
60,3108
258,9795
135,9507
103,7318
310,6658
398,8360
182,7657
82,7183
177,8985
56,4035
92,5741
420,1300
162,9587
308,5833
328,2875
486,8784
408,7234
475,5114
148,7550
135,3634
213,37
416,1950
388,2400
445,3710
206,296
493,922
281,6550
390,9911
82,515
100,9304
479,2344
336,5917
390,1553
335,9952
249,2381
495,8245
72,8517
69,768
197,9015
45,1666
327,9889
471,6681
307,347
494,982
107,6610
55,8694
79,9217
239,1409
147,3226
11,9185
392,494
13,2108
475,1564
417,8785
225,6409
408,5404
385,1388
5,7562
83,2010
370,6509
79,746
265,5159
60,66
355,4313
5,1724
284,5615
237,6460
428,3441
179,4370
327,8844
41,9697
167,6906
204,5904
75,9862
316,5369
151,7450
444,1856
227,8287
407,8908
434,8149
484,497
143,4154
491,2045
280,6378
207,7356
77,6035
367,2792
175,2166
481,2672
48,5293
488,7869
119,4465
63,4727
490,601
400,4826
14,2267
66,3709
59,3934
211,5050
267,5586
63,2711
226,2411
7,2856
467,2207
128,3095
224,7373
10,7709
443,7950
156,7500
200,3467
494,6505
27,9598
363,7064
205,4580
116,6295
461,9116
178,5730
307,9481
357,1524
152,8914
202,5451
446,2860
408,6487
92,2873
423,5722
139,2552
385,9187
78,2171
339,8251
193,7159
201,8335
225,6945
335,968
369,7255
15,3509
311,5786
69,6711
163,2312
61,5243
479,9515
125,6305
258,947
316,5807
94,9101
92,7739
181,8855
48,54
363,7326
405,1627
29,1533
328,3958
457,4556
478,4367
33,9989
433,7827
118,3913
442,6041
62,6476
275,3438
71,9043
396,8593
429,2885
76,6450
233,3341
304,6074
401,551
380,5602
88,1353
396,623
89,2046
493,4213
472,9005
190,1432
9,5323
295,3747
188,9293
265,695
168,2173
187,7978
160,7315
418,5206
170,5531
98,9559
265,1728
383,7271
366,5981
185,9412
127,4537
310,4119
283,9636
10,4845
429,8708
313,2679
163,9979
429,3732
476,9114
103,3984
499,7065
77,4497
378,117
254,6167
456,6049
370,7006
380,3334
100,1545
256,516
225,6326
499,7941
338,7380
290,8905
355,1989
366,4119
72,3031
196,9927
11,8095
74,9874
32,5955
364,5476
368,323
346,3179
291,667
193,9638
171,9957
169,2275
343,2299
487,9280
499,9057
247,5441
400,1688
304,942
379,3809
145,6841
331,6202
118,7855
137,8803
350,7365
73,9731
189,960
412,5201
385,8583
486,9440
271,3342
316,2102
39,2215
162,2035
235,7970
184,9159
58,1286
319,6956
79,9909
93,6843
277,2383
350,9203
197,7226
2,8010
265,8618
134,6842
500,4358
16,3691
1,1181
266,2081
221,3558
22,4655
214,8904
290,1063
374,2870
200,4153
404,3043
67,6532
154,7218
381,7879
455,7135
163,7296
225,8143
319,2748
282,7075
421,7927
485,6767
439,9202
365,6184
68,1557
364,2092
96,8889
446,5293
206,5490
426,5135
414,8463
417,5731
273,5816
32,9406
42,3359
224,8221
335,1462
310,416
118,2355
95,9834
294,6532
247,2784
17,9804
390,5857
179,9939
246,9933
371,6748
105,9859
207,9826
413,8013
153,697
122,6298
293,3058
217,5328
159,8734
279,1529
294,7554
220,9503
222,5135
118,2009
385,6094
386,9723
266,8549
296,2185
413,2822
208,6700
467,7426
27,5706
134,180
323,7931
339,7380
342,1521
459,2313
408,9909
435,4306
173,2900
312,862
137,5516
21,28
257,7068
492,4099
471,7159
271,9605
246,5648
39,1587
443,2930
494,6344
200,9024
237,3518
483,9432
325,8620
434,6525
397,8096
250,8397
36,5674
491,8850
222,1875
7,14
366,2339
203,7991
283,9835
408,7077
254,7606
196,79
279,492
47,6790
308,1806
67,8543
406,7131
41,9067
183,2730
126,8188
262,4558
302,2946
280,4678
110,670
69,7037
250,8993
455,5407
442,8829
37,5547
5,2138
416,6411
458,3631
250,5751
464,4002
468,6534
442,9786
248,5113
195,2580
443,9705
358,7115
361,8057
36,6444
429,9094
481,3197
67,8393
136,6655
252,8090
107,8349
258,475
80,1067
163,6667
220,4541
59,9234
6,5883
414,5208
425,5755
20,1924
165,155
310,4794
91,7417
385,557
312,8521
172,9542
415,8444
363,3455
313,9992
173,5278
484,7926
450,1760
278,44
31,8410
170,9722
167,1563
389,9938
11,4889
47,5109
417,6299
260,9564
459,5747
115,2829
287,4457
307,7018
210,1453
229,4073
42,1010
334,5788
108,1349
26,6187
212,8537
297,2612
125,3970
337,3873
383,8401
158,631
466,985
24,1407
468,8456
65,1462
4,3064
316,2098
17,9901
395,5624
198,242
245,713
443,4650
363,5651
322,234
387,6127
457,8649
455,1585
87,5255
174,1029
417,8036
448,1963
123,1526
202,2233
433,1232
278,2699
403,7425
217,1885
213,5444
455,183
491,104
500,6135
341,7165
54,3450
301,1315
165,3187
462,5828
324,4745
315,7728
284,4718
142,9009
89,2949
204,3701
119,2518
14,8072
331,660
389,7035
22,8958
268,211
478,6862
171,200
372,7934
488,7064
204,2200
248,7253
143,8565
374,2002
281,1246
54,1993
111,3574
356,8268
236,672
488,8042
128,8311
485,3641
196,316
326,5221
497,8820
21,5975
381,5526
380,3366
425,9520
226,843
64,5668
244,50
452,9234
387,1810
327,9244
422,3958
96,6606
456,7639
125,7981
358,3407
191,2553
277,445
334,5689
394,6982
286,235
73,7269
68,247
472,1902
472,4216
38,5033
331,862
288,6609
462,9427
368,851
202,631
452,8496
385,3560
13,3042
450,3758
302,6613
500,6789
290,8581
292,8273
11,5144
81,218
221,1180
158,5967
203,3773
203,8720
404,4671
414,8020
368,8513
95,6802
447,2316
186,2540
257,8578
312,8356
381,1192
50,862
373,6349
256,3902
473,5853
418,3198
282,8179
203,3013
321,4092
303,9218
252,1155
169,8720
35,6919
429,174
41,7576
96,8832
315,8014
227,1772
258,1638
324,6921
365,1128
302,9512
457,8512
316,9772
456,1181
366,4194
62,8333
18,9187
402,3003
196,7733
367,8746
428,8698
245,1901
97,1980
119,2290
500,3024
355,36
305,7673
29,1013
421,3396
404,1359
227,4789
331,8588
498,4034
245,9639
272,5128
146,4626
266,7496
275,1913
499,6252
393,635
130,864
211,6903
242,9656
400,7007
437,2198
248,3661
387,7978
148,395
174,5076
181,2183
410,5688
499,6422
140,276
447,5837
94,8905
488,8574
353,9346
458,3124
335,3995
220,597
269,7880
37,3005
221,5561
201,1062
438,4136
437,8131
432,1459
225,3361
340,8499
425,4358
5,9389
289,5947
144,8059
98,4810
393,3596
293,479
248,6761
111,8511
115,5225
476,5447
138,4819
465,1694
170,1318
228,8417
163,6074
344,8121
112,8559
133,718
470,3511
493,2154
195,6458
84,1526
414,1028
358,1651
354,1434
253,5136
362,1931
146,206
84,9967
201,934
375,4209
251,4950
318,6996
171,3909
473,2988
98,9330
201,2058
95,2010
356,7786
38,2556
5,4214
370,1504
184,4996
307,3308
217,8116
216,5761
114,853
460,9234
205,1517
439,9935
205,787
238,5156
53,5558
201,6533
481,1319
65,1410
211,6813
319,1944
471,2561
155,4591
367,8414
493,1204
423,2996
467,3232
498,2692
236,4991
30,4273
45,9304
40,8163
43,9415
266,4872
322,4284
295,3017
235,3921
131,8869
237,7741
448,6460
97,4189
109,540
225,8627
27,8683
456,318
82,2590
54,4566
247,8420
377,4000
280,7526
249,2084
277,1348
166,3878
114,6266
354,4787
41,4615
27,2525
248,730
196,6087
105,5455
261,9187
268,4352
124,4969
280,8546
189,4577
25,5408
243,3898
247,3424
250,1575
138,503
455,364
347,8609
224,7015
93,7530
475,7912
92,9680
473,5027
433,8372
332,6960
435,2394
184,3507
296,8198
384,8595
217,5951
214,8234
41,8149
264,1168
23,3188
481,6724
106,5184
197,7734
150,4835
384,5058
40,4396
353,8144
34,1990
6,2828
306,8390
276,1721
167,9690
22,339
310,8119
490,3618
295,2590
443,6579
402,5986
173,2385
248,5802
35,5799
149,2186
62,9924
409,8701
238,5834
123,6946
112,8607
265,948
354,6488
371,9870
116,5934
352,2564
37,6948
16,2655
445,7101
54,800
243,8371
339,4070
105,5563
66,4495
145,2893
273,9745
192,1476
361,9463
304,6648
179,197
435,5788
323,7098
289,8526
251,6862
376,5636
487,941
414,3814
76,3476
188,3592
59,4827
332,8385
284,5358
59,2255
90,2316
351,3181
108,1602
359,3051
451,3131
286,7354
244,7021
362,7914
4,3177
319,483
210,6028
174,9011
278,6222
116,8767
317,8573
379,7324
3,5159
496,8343
221,8029
295,4076
141,4571
12,1800
228,4470
74,7645
99,6406
227,2991
364,312
54,2758
52,19
77,6066
86,9518
176,364
95,1816
29,1978
240,5156
418,8676
176,3167
256,8021
406,2325
245,8937
490,3255
159,1366
373,9324
446,3524
391,8449
149,9222
222,9666
265,9103
216,3838
62,2849
398,7933
313,6047
325,9206
204,7782
294,9925
216,9309
473,4684
22,9368
376,6299
259,4121
271,8087
468,176
209,7192
388,9424
139,5946
333,2637
240,2038
85,9356
425,5392
340,4444
232,6648
168,5682
175,8566
109,547
15,3227
97,2650
486,8776
444,4462
26,7414
255,4464
224,2214
4,8797
309,2296
244,636
408,9278
188,7182
469,9393
234,3974
65,306
105,9102
206,3353
190,7467
357,7232
402,2989
56,1548
315,7540
147,272
492,7296
55,7471
349,7907
281,8766
486,9943
165,4760
108,5943
151,9833
12,6195
78,4668
346,3180
428,2395
231,9435
221,4819
297,5929
344,7380
493,824
388,2866
6,306
195,2196
124,4396
69,5100
48,1681
202,8201
327,4711
374,1748
435,6186
371,8257
467,6677
460,4106
99,2500
286,139
60,6729
10,7647
144,7365
215,8810
366,1345
154,4907
412,3394
328,3276
486,1931
469,7089
8,157
147,9989
126,9780
8,379
173,3186
124,3304
280,1271
388,9286
417,6522
135,9607
248,3575
158,9846
67,4643
144,8918
473,8288
8,5625
365,841
251,5509
90,7502
102,5626
157,6888
342,5035
409,4589
394,4097
400,1513
104,6022
264,3208
83,2570
167,3534
87,684
291,7112
56,1740
113,7658
148,3851
203,7996
487,9054
52,4649
490,5638
409,1439
418,5227
411,2417
19,5883
169,5878
249,7955
383,6702
474,3574
472,9875
187,6710
29,3102
311,5159
28,1771
253,7240
347,5597
285,9011
362,3422
98,9904
133,9313
259,235
454,6892
263,2943
457,5352
110,4812
498,394
195,5038
150,1471
226,7026
207,3323
397,1645
56,9818
376,9832
337,612
446,4928
151,3389
396,3956
236,36
232,7074
410,1595
403,1891
337,7761
494,7076
73,2900
432,2334
391,9297
56,5608
284,1939
126,9285
458,6034
291,2234
119,841
242,8296
275,8193
140,1581
440,550
407,6713
209,4031
155,3652
263,6204
425,8687
131,4428
469,9677
216,2042
283,3328
117,3906
240,8482
253,8769
90,3117
369,1333
36,5235
245,8785
451,9112
342,2389
372,6231
382,3705
80,8301
357,9144
9,7213
222,6311
490,1241
126,3438
14,3811
183,9965
80,8611
72,5902
366,3782
217,2850
145,4772
483,6964
441,4573
105,4547
361,890
17,5166
234,2131
348,3565
308,229
99,193
300,5638
329,2459
149,6085
140,2542
30,3275
189,5655
172,2682
391,3508
405,6510
455,2325
136,3204
95,5393
152,6165
242,4317
142,2128
135,4595
346,4619
13,6862
386,9323
111,7108
365,2594
180,5839
472,1023
435,8701
130,1558
301,170
442,995
53,5930
394,9951
396,3589
152,8995
307,5887
492,3938
122,5212
156,2780
206,4740
278,5626
53,6319
184,7209
212,8467
204,3179
196,5708
118,8329
300,5073
363,1266
109,7992
399,7770
138,9284
225,992
240,3170
173,9253
166,8567
89,3992
279,6007
357,9962
221,3007
94,2849
211,7602
130,4537
197,6266
260,5522
376,8438
160,5579
48,8560
344,1330
261,674
295,9759
433,6361
107,2440
413,2841
180,178
30,5531
478,7722
413,5210
161,1853
173,420
211,534
288,4471
404,4332
267,2173
236,3700
493,91
255,6243
74,974
357,9584
333,1641
342,9954
167,9799
145,3826
464,4739
218,3060
272,2623
90,9842
469,6434
292,5536
276,4499
449,8114
83,7678
262,7080
420,4455
259,3391
465,7956
462,9380
263,6142
14,4474
110,1614
289,2884
385,8446
438,4432
466,9620
144,8825
266,9059
364,3190
339,9459
100,1458
209,881
125,7056
464,2364
212,6623
480,1424
231,6292
328,8213
85,5855
26,6976
106,8630
425,423
355,7722
4,7134
200,5480
348,3825
167,1779
369,1234
421,5616
354,4912
43,831
321,6128
7,1274
37,9440
158,744
8,7786
2,1388
452,9651
404,1287
43,6488
36,622
498,7057
206,7692
499,7729
229,7465
79,4922
240,7935
180,7170
292,154
134,9670
285,6999
321,7541
29,1570
412,3992
450,1298
412,2208
188,2934
134,7563
132,7434
390,8813
110,9696
411,9816
212,23
170,7559
384,3166
286,5883
191,91
422,9937
434,9905
417,1731
294,2050
26,3360
192,6137
473,2710
259,8622
369,6298
266,3899
333,7049
135,2998
219,9824
43,8570
50,7488
281,3644
67,1779
436,4974
145,8095
454,9550
137,9409
358,5124
340,9082
473,3870
124,30
450,8602
196,917
491,1614
474,4279
455,4677
403,1277
449,4924
243,7281
18,4080
420,1736
135,7610
378,491
7,3592
234,1001
451,9291
338,5518
134,7540
329,6921
73,6146
437,1716
160,1014
486,4453
43,6037
166,6800
31,2594
16,1322
433,8049
421,5469
223,4520
85,8097
177,2458
25,5615
385,8716
255,6387
145,2900
350,3927
469,8081
250,9898
211,2089
355,7425
143,891
142,9060
302,7119
276,9618
82,5225
33,3269
261,6481
259,2673
206,8284
205,9999
465,5421
77,6934
276,497
295,8193
378,3080
176,5543
492,9475
229,9223
475,1411
124,3685
316,1449
449,6482
294,57
460,3116
149,40
168,3035
199,4980
195,9472
427,1553
90,9607
118,8843
368,1449
176,5455
488,4300
355,5121
471,1865
214,9531
216,1411
268,1702
146,9547
274,4813
318,1753
385,8584
253,1747
266,2366
368,7885
234,1211
446,2053
398,5967
490,7038
466,7650
25,4903
222,6338
391,6024
204,5419
17,7379
168,1740
359,8708
172,4128
372,6634
197,7343
450,4301
496,6981
246,2717
432,8226
92,9216
363,5160
166,9341
5,909
149,9532
118,5182
231,4367
125,5820
387,648
439,611
187,4919
63,2685
151,582
67,387
412,2269
309,8353
431,7120
432,8938
35,5533
315,7399
173,6780
487,8953
492,4477
191,5506
102,7999
37,3267
210,9333
377,3486
201,7217
94,9444
134,9781
30,1175
244,3129
242,550
414,7114
211,4963
46,2536
20,6310
101,3412
469,8192
394,2129
198,8491
457,1684
444,1992
106,6596
394,2795
22,6751
246,1123
379,3028
320,4172
275,8061
471,5111
123,5628
99,4055
175,302
254,6439
488,7435
325,7861
88,3887
451,3698
174,7932
96,9359
102,7979
367,4820
135,7344
261,3424
458,4242
151,2414
54,5876
229,1873
75,3938
430,7737
11,5032
210,3882
56,1753
276,6634
184,3062
173,1598
277,6266
249,8440
477,5474
477,6270
84,2551
422,5209
447,6883
225,507
38,2593
404,2108
90,8395
174,9987
53,7597
40,2146
